0.000 11.592 1 
0.059 11.592 1 
0.119 11.592 1 
0.178 11.592 1 
0.237 11.592 1 
0.297 11.592 1 
0.356 11.592 1 
0.416 11.592 1 
0.475 11.592 1 
0.534 11.592 1 
0.594 11.592 1 
0.653 11.591 1 
0.712 11.591 1 
0.772 11.591 1 
0.831 11.591 1 
0.890 11.591 1 
0.950 11.591 1 
1.009 11.590 1 
1.068 11.590 1 
1.128 11.590 1 
1.187 11.590 1 
1.246 11.590 1 
1.306 11.589 1 
1.365 11.589 1 
1.424 11.589 1 
1.484 11.588 1 
1.543 11.588 1 
1.602 11.588 1 
1.662 11.587 1 
1.721 11.587 1 
1.780 11.587 1 
1.839 11.586 1 
1.899 11.586 1 
1.958 11.586 1 
2.017 11.585 1 
2.077 11.585 1 
2.136 11.584 1 
2.195 11.584 1 
2.254 11.583 1 
2.314 11.583 1 
2.373 11.583 1 
2.432 11.582 1 
2.491 11.582 1 
2.551 11.581 1 
2.610 11.580 1 
2.669 11.580 1 
2.728 11.579 1 
2.788 11.579 1 
2.847 11.578 1 
2.906 11.578 1 
2.965 11.577 1 
3.024 11.576 1 
3.084 11.576 1 
3.143 11.575 1 
3.202 11.575 1 
3.261 11.574 1 
3.320 11.573 1 
3.380 11.573 1 
3.439 11.572 1 
3.498 11.571 1 
3.557 11.570 1 
3.616 11.570 1 
3.675 11.569 1 
3.734 11.568 1 
3.793 11.567 1 
3.852 11.567 1 
3.912 11.566 1 
3.971 11.565 1 
4.030 11.564 1 
4.089 11.563 1 
4.148 11.563 1 
4.207 11.562 1 
4.266 11.561 1 
4.325 11.560 1 
4.384 11.559 1 
4.443 11.558 1 
4.502 11.557 1 
4.561 11.556 1 
4.620 11.556 1 
4.679 11.555 1 
4.738 11.554 1 
4.797 11.553 1 
4.856 11.552 1 
4.915 11.551 1 
4.974 11.550 1 
5.032 11.549 1 
5.091 11.548 1 
5.150 11.547 1 
5.209 11.546 1 
5.268 11.545 1 
5.327 11.543 1 
5.386 11.542 1 
5.445 11.541 1 
5.503 11.540 1 
5.562 11.539 1 
5.621 11.538 1 
5.680 11.537 1 
5.739 11.536 1 
5.797 11.534 1 
5.856 11.533 1 
.35.856014 5.856 11.533 1 
5.856 11.590 1 
5.856 11.647 1 
5.856 11.703 1 
5.856 11.760 1 
5.856 11.816 1 
5.856 11.873 1 
5.856 11.930 1 
5.856 11.986 1 
5.856 12.043 1 
5.856 12.099 1 
5.856 12.155 1 
5.856 12.212 1 
5.856 12.268 1 
5.856 12.325 1 
5.856 12.381 1 
5.856 12.437 1 
5.856 12.494 1 
5.856 12.550 1 
5.856 12.606 1 
5.856 12.662 1 
5.856 12.719 1 
5.856 12.775 1 
5.856 12.831 1 
5.856 12.887 1 
5.856 12.943 1 
5.856 12.999 1 
5.856 13.055 1 
5.856 13.111 1 
5.856 13.167 1 
5.856 13.223 1 
5.856 13.279 1 
5.856 13.335 1 
5.856 13.391 1 
5.856 13.447 1 
5.856 13.503 1 
5.856 13.559 1 
5.856 13.614 1 
5.856 13.670 1 
5.856 13.726 1 
5.856 13.782 1 
5.856 13.837 1 
5.856 13.893 1 
5.856 13.948 1 
5.856 14.004 1 
5.856 14.060 1 
5.856 14.115 1 
5.856 14.171 1 
5.856 14.226 1 
5.856 14.282 1 
5.856 14.337 1 
5.856 14.393 1 
5.856 14.448 1 
5.856 14.503 1 
5.856 14.559 1 
5.856 14.614 1 
5.856 14.669 1 
5.856 14.724 1 
5.856 14.780 1 
5.856 14.835 1 
5.856 14.890 1 
5.856 14.945 1 
5.856 15.000 1 
5.856 15.055 1 
5.856 15.110 1 
5.856 15.165 1 
5.856 15.220 1 
5.856 15.275 1 
5.856 15.330 1 
5.856 15.385 1 
5.856 15.440 1 
5.856 15.495 1 
5.856 15.550 1 
5.856 15.605 1 
5.856 15.659 1 
5.856 15.714 1 
5.856 15.769 1 
5.856 15.823 1 
5.856 15.878 1 
5.856 15.933 1 
5.856 15.987 1 
5.856 16.042 1 
5.856 16.096 1 
5.856 16.151 1 
5.856 16.205 1 
5.856 16.260 1 
5.856 16.314 1 
5.856 16.369 1 
5.856 16.423 1 
5.856 16.477 1 
5.856 16.531 1 
5.856 16.586 1 
5.856 16.640 1 
5.856 16.694 1 
5.856 16.748 1 
5.856 16.802 1 
5.856 16.857 1 
5.856 16.911 1 
5.856 16.965 1 
5.856 17.019 1 
.35.856014 0.000 22.306 1 
0.059 22.306 1 
0.118 22.305 1 
0.177 22.304 1 
0.235 22.302 1 
0.294 22.300 1 
0.353 22.297 1 
0.412 22.293 1 
0.471 22.289 1 
0.529 22.285 1 
0.588 22.280 1 
0.646 22.274 1 
0.705 22.268 1 
0.763 22.262 1 
0.822 22.255 1 
0.880 22.247 1 
0.938 22.239 1 
0.996 22.230 1 
1.054 22.221 1 
1.112 22.211 1 
1.170 22.201 1 
1.227 22.191 1 
1.285 22.179 1 
1.342 22.168 1 
1.399 22.155 1 
1.457 22.143 1 
1.513 22.129 1 
1.570 22.115 1 
1.627 22.101 1 
1.683 22.086 1 
1.740 22.071 1 
1.796 22.055 1 
1.852 22.039 1 
1.907 22.022 1 
1.963 22.005 1 
2.018 21.987 1 
2.073 21.969 1 
2.128 21.950 1 
2.183 21.931 1 
2.237 21.911 1 
2.292 21.891 1 
2.346 21.870 1 
2.400 21.848 1 
2.453 21.827 1 
2.506 21.805 1 
2.559 21.782 1 
2.612 21.759 1 
2.665 21.735 1 
2.717 21.711 1 
2.769 21.686 1 
2.820 21.661 1 
2.872 21.636 1 
2.923 21.610 1 
2.974 21.583 1 
3.024 21.557 1 
3.074 21.529 1 
3.124 21.501 1 
3.174 21.473 1 
3.223 21.445 1 
3.272 21.415 1 
3.321 21.386 1 
3.369 21.356 1 
3.417 21.325 1 
3.464 21.295 1 
3.511 21.263 1 
3.558 21.231 1 
3.605 21.199 1 
3.651 21.167 1 
3.696 21.134 1 
3.742 21.100 1 
3.787 21.067 1 
3.831 21.032 1 
3.876 20.998 1 
3.919 20.963 1 
3.963 20.927 1 
4.006 20.891 1 
4.048 20.855 1 
4.091 20.819 1 
4.132 20.782 1 
4.174 20.744 1 
4.215 20.707 1 
4.255 20.669 1 
4.295 20.630 1 
4.335 20.591 1 
4.374 20.552 1 
4.413 20.512 1 
4.451 20.473 1 
4.489 20.432 1 
4.527 20.392 1 
4.564 20.351 1 
4.600 20.309 1 
4.636 20.268 1 
4.672 20.226 1 
4.707 20.184 1 
4.742 20.141 1 
4.776 20.098 1 
4.809 20.055 1 
4.843 20.011 1 
4.875 19.967 1 
4.908 19.923 1 
4.939 19.879 1 
4.971 19.834 1 
5.001 19.789 1 
5.031 19.744 1 
5.061 19.698 1 
5.090 19.652 1 
5.119 19.606 1 
5.147 19.560 1 
5.175 19.513 1 
5.202 19.466 1 
5.229 19.419 1 
5.255 19.372 1 
5.280 19.324 1 
5.305 19.276 1 
5.330 19.228 1 
5.354 19.180 1 
5.377 19.131 1 
5.400 19.082 1 
5.423 19.033 1 
5.445 18.984 1 
5.466 18.934 1 
5.487 18.885 1 
5.507 18.835 1 
5.526 18.785 1 
5.545 18.735 1 
5.564 18.684 1 
5.582 18.634 1 
5.599 18.583 1 
5.616 18.532 1 
5.633 18.481 1 
5.648 18.430 1 
5.663 18.378 1 
5.678 18.327 1 
5.692 18.275 1 
5.706 18.223 1 
5.718 18.171 1 
5.731 18.119 1 
5.742 18.067 1 
5.754 18.015 1 
5.764 17.962 1 
5.774 17.910 1 
5.784 17.857 1 
5.793 17.804 1 
5.801 17.752 1 
5.809 17.699 1 
5.816 17.646 1 
5.822 17.593 1 
5.828 17.539 1 
5.834 17.486 1 
5.838 17.433 1 
5.843 17.380 1 
5.846 17.326 1 
5.849 17.273 1 
5.852 17.219 1 
5.854 17.166 1 
5.855 17.112 1 
5.856 17.059 1 
5.856 17.005 1 
5.856 16.952 1 
5.855 16.898 1 
5.853 16.845 1 
5.851 16.791 1 
5.848 16.737 1 
5.845 16.684 1 
5.841 16.630 1 
5.836 16.577 1 
5.831 16.523 1 
5.825 16.470 1 
5.819 16.416 1 
5.812 16.363 1 
5.805 16.310 1 
5.797 16.257 1 
5.788 16.203 1 
5.779 16.150 1 
5.769 16.097 1 
5.759 16.044 1 
5.748 15.991 1 
5.737 15.939 1 
5.725 15.886 1 
5.712 15.833 1 
5.699 15.781 1 
5.685 15.728 1 
5.671 15.676 1 
5.656 15.624 1 
5.640 15.572 1 
5.624 15.520 1 
5.608 15.468 1 
5.591 15.417 1 
5.573 15.365 1 
5.555 15.314 1 
5.536 15.263 1 
5.517 15.212 1 
5.497 15.161 1 
5.476 15.110 1 
5.455 15.060 1 
5.434 15.009 1 
5.412 14.959 1 
5.389 14.909 1 
5.366 14.860 1 
5.342 14.810 1 
5.318 14.761 1 
5.293 14.712 1 
5.268 14.663 1 
5.242 14.614 1 
5.216 14.566 1 
5.189 14.518 1 
5.161 14.470 1 
5.133 14.422 1 
5.105 14.375 1 
5.076 14.327 1 
5.046 14.280 1 
5.016 14.234 1 
4.986 14.187 1 
4.955 14.141 1 
4.923 14.095 1 
4.892 14.050 1 
4.859 14.004 1 
4.826 13.960 1 
4.793 13.915 1 
4.759 13.870 1 
4.724 13.826 1 
4.689 13.783 1 
4.654 13.739 1 
4.618 13.696 1 
4.582 13.653 1 
4.545 13.611 1 
4.508 13.569 1 
4.470 13.527 1 
4.432 13.485 1 
4.394 13.444 1 
4.355 13.403 1 
4.315 13.363 1 
4.275 13.323 1 
4.235 13.283 1 
4.194 13.244 1 
4.153 13.205 1 
4.112 13.167 1 
4.070 13.128 1 
4.027 13.091 1 
3.984 13.053 1 
3.941 13.016 1 
3.898 12.980 1 
3.854 12.943 1 
3.809 12.908 1 
3.764 12.872 1 
3.719 12.837 1 
3.674 12.803 1 
3.628 12.769 1 
3.581 12.735 1 
3.535 12.702 1 
3.488 12.669 1 
3.440 12.636 1 
3.393 12.604 1 
3.345 12.573 1 
3.296 12.542 1 
3.248 12.511 1 
3.198 12.481 1 
3.149 12.451 1 
3.099 12.422 1 
3.049 12.393 1 
2.999 12.365 1 
2.948 12.337 1 
2.897 12.309 1 
2.846 12.282 1 
2.795 12.256 1 
2.743 12.230 1 
2.691 12.205 1 
2.638 12.180 1 
2.586 12.155 1 
2.533 12.131 1 
2.480 12.108 1 
2.426 12.084 1 
2.373 12.062 1 
2.319 12.040 1 
2.265 12.018 1 
2.210 11.997 1 
2.156 11.977 1 
2.101 11.957 1 
2.046 11.937 1 
1.991 11.918 1 
1.935 11.900 1 
1.880 11.882 1 
1.824 11.865 1 
1.768 11.848 1 
1.712 11.831 1 
1.655 11.816 1 
1.599 11.800 1 
1.542 11.786 1 
1.485 11.771 1 
1.428 11.758 1 
1.371 11.744 1 
1.314 11.732 1 
1.256 11.720 1 
1.199 11.708 1 
1.141 11.697 1 
1.083 11.687 1 
1.025 11.677 1 
0.967 11.667 1 
0.909 11.659 1 
0.851 11.650 1 
0.793 11.643 1 
0.734 11.635 1 
0.676 11.629 1 
0.617 11.623 1 
0.559 11.617 1 
0.500 11.612 1 
0.441 11.608 1 
0.382 11.604 1 
0.324 11.601 1 
0.265 11.598 1 
0.206 11.596 1 
0.147 11.594 1 
0.088 11.593 1 
0.029 11.592 1 
-0.029 11.592 1 
-0.088 11.593 1 
-0.147 11.594 1 
-0.206 11.596 1 
-0.265 11.598 1 
-0.324 11.601 1 
-0.382 11.604 1 
-0.441 11.608 1 
-0.500 11.612 1 
-0.559 11.617 1 
-0.617 11.623 1 
-0.676 11.629 1 
-0.734 11.635 1 
-0.793 11.643 1 
-0.851 11.650 1 
-0.909 11.659 1 
-0.967 11.667 1 
-1.025 11.677 1 
-1.083 11.687 1 
-1.141 11.697 1 
-1.199 11.708 1 
-1.256 11.720 1 
-1.314 11.732 1 
-1.371 11.744 1 
-1.428 11.758 1 
-1.485 11.771 1 
-1.542 11.786 1 
-1.599 11.800 1 
-1.655 11.816 1 
-1.712 11.831 1 
-1.768 11.848 1 
-1.824 11.865 1 
-1.880 11.882 1 
-1.935 11.900 1 
-1.991 11.918 1 
-2.046 11.937 1 
-2.101 11.957 1 
-2.156 11.977 1 
-2.210 11.997 1 
-2.265 12.018 1 
-2.319 12.040 1 
-2.373 12.062 1 
-2.426 12.084 1 
-2.480 12.108 1 
-2.533 12.131 1 
-2.586 12.155 1 
-2.638 12.180 1 
-2.691 12.205 1 
-2.743 12.230 1 
-2.795 12.256 1 
-2.846 12.282 1 
-2.897 12.309 1 
-2.948 12.337 1 
-2.999 12.365 1 
-3.049 12.393 1 
-3.099 12.422 1 
-3.149 12.451 1 
-3.198 12.481 1 
-3.248 12.511 1 
-3.296 12.542 1 
-3.345 12.573 1 
-3.393 12.604 1 
-3.440 12.636 1 
-3.488 12.669 1 
-3.535 12.702 1 
-3.581 12.735 1 
-3.628 12.769 1 
-3.674 12.803 1 
-3.719 12.837 1 
-3.764 12.872 1 
-3.809 12.908 1 
-3.854 12.943 1 
-3.898 12.980 1 
-3.941 13.016 1 
-3.984 13.053 1 
-4.027 13.091 1 
-4.070 13.128 1 
-4.112 13.167 1 
-4.153 13.205 1 
-4.194 13.244 1 
-4.235 13.283 1 
-4.275 13.323 1 
-4.315 13.363 1 
-4.355 13.403 1 
-4.394 13.444 1 
-4.432 13.485 1 
-4.470 13.527 1 
-4.508 13.569 1 
-4.545 13.611 1 
-4.582 13.653 1 
-4.618 13.696 1 
-4.654 13.739 1 
-4.689 13.783 1 
-4.724 13.826 1 
-4.759 13.870 1 
-4.793 13.915 1 
-4.826 13.960 1 
-4.859 14.004 1 
-4.892 14.050 1 
-4.923 14.095 1 
-4.955 14.141 1 
-4.986 14.187 1 
-5.016 14.234 1 
-5.046 14.280 1 
-5.076 14.327 1 
-5.105 14.375 1 
-5.133 14.422 1 
-5.161 14.470 1 
-5.189 14.518 1 
-5.216 14.566 1 
-5.242 14.614 1 
-5.268 14.663 1 
-5.293 14.712 1 
-5.318 14.761 1 
-5.342 14.810 1 
-5.366 14.860 1 
-5.389 14.909 1 
-5.412 14.959 1 
-5.434 15.009 1 
-5.455 15.060 1 
-5.476 15.110 1 
-5.497 15.161 1 
-5.517 15.212 1 
-5.536 15.263 1 
-5.555 15.314 1 
-5.573 15.365 1 
-5.591 15.417 1 
-5.608 15.468 1 
-5.624 15.520 1 
-5.640 15.572 1 
-5.656 15.624 1 
-5.671 15.676 1 
-5.685 15.728 1 
-5.699 15.781 1 
-5.712 15.833 1 
-5.725 15.886 1 
-5.737 15.939 1 
-5.748 15.991 1 
-5.759 16.044 1 
-5.769 16.097 1 
-5.779 16.150 1 
-5.788 16.203 1 
-5.797 16.257 1 
-5.805 16.310 1 
-5.812 16.363 1 
-5.819 16.416 1 
-5.825 16.470 1 
-5.831 16.523 1 
-5.836 16.577 1 
-5.841 16.630 1 
-5.845 16.684 1 
-5.848 16.737 1 
-5.851 16.791 1 
-5.853 16.845 1 
-5.855 16.898 1 
-5.856 16.952 1 
-5.856 17.005 1 
-5.856 17.059 1 
-5.855 17.112 1 
-5.854 17.166 1 
-5.852 17.219 1 
-5.849 17.273 1 
-5.846 17.326 1 
-5.843 17.380 1 
-5.838 17.433 1 
-5.834 17.486 1 
-5.828 17.539 1 
-5.822 17.593 1 
-5.816 17.646 1 
-5.809 17.699 1 
-5.801 17.752 1 
-5.793 17.804 1 
-5.784 17.857 1 
-5.774 17.910 1 
-5.764 17.962 1 
-5.754 18.015 1 
-5.742 18.067 1 
-5.731 18.119 1 
-5.718 18.171 1 
-5.706 18.223 1 
-5.692 18.275 1 
-5.678 18.327 1 
-5.663 18.378 1 
-5.648 18.430 1 
-5.633 18.481 1 
-5.616 18.532 1 
-5.599 18.583 1 
-5.582 18.634 1 
-5.564 18.684 1 
-5.545 18.735 1 
-5.526 18.785 1 
-5.507 18.835 1 
-5.487 18.885 1 
-5.466 18.934 1 
-5.445 18.984 1 
-5.423 19.033 1 
-5.400 19.082 1 
-5.377 19.131 1 
-5.354 19.180 1 
-5.330 19.228 1 
-5.305 19.276 1 
-5.280 19.324 1 
-5.255 19.372 1 
-5.229 19.419 1 
-5.202 19.466 1 
-5.175 19.513 1 
-5.147 19.560 1 
-5.119 19.606 1 
-5.090 19.652 1 
-5.061 19.698 1 
-5.031 19.744 1 
-5.001 19.789 1 
-4.971 19.834 1 
-4.939 19.879 1 
-4.908 19.923 1 
-4.875 19.967 1 
-4.843 20.011 1 
-4.809 20.055 1 
-4.776 20.098 1 
-4.742 20.141 1 
-4.707 20.184 1 
-4.672 20.226 1 
-4.636 20.268 1 
-4.600 20.309 1 
-4.564 20.351 1 
-4.527 20.392 1 
-4.489 20.432 1 
-4.451 20.473 1 
-4.413 20.512 1 
-4.374 20.552 1 
-4.335 20.591 1 
-4.295 20.630 1 
-4.255 20.669 1 
-4.215 20.707 1 
-4.174 20.744 1 
-4.132 20.782 1 
-4.091 20.819 1 
-4.048 20.855 1 
-4.006 20.891 1 
-3.963 20.927 1 
-3.919 20.963 1 
-3.876 20.998 1 
-3.831 21.032 1 
-3.787 21.067 1 
-3.742 21.100 1 
-3.696 21.134 1 
-3.651 21.167 1 
-3.605 21.199 1 
-3.558 21.231 1 
-3.511 21.263 1 
-3.464 21.295 1 
-3.417 21.325 1 
-3.369 21.356 1 
-3.321 21.386 1 
-3.272 21.415 1 
-3.223 21.445 1 
-3.174 21.473 1 
-3.124 21.501 1 
-3.074 21.529 1 
-3.024 21.557 1 
-2.974 21.583 1 
-2.923 21.610 1 
-2.872 21.636 1 
-2.820 21.661 1 
-2.769 21.686 1 
-2.717 21.711 1 
-2.665 21.735 1 
-2.612 21.759 1 
-2.559 21.782 1 
-2.506 21.805 1 
-2.453 21.827 1 
-2.400 21.848 1 
-2.346 21.870 1 
-2.292 21.891 1 
-2.237 21.911 1 
-2.183 21.931 1 
-2.128 21.950 1 
-2.073 21.969 1 
-2.018 21.987 1 
-1.963 22.005 1 
-1.907 22.022 1 
-1.852 22.039 1 
-1.796 22.055 1 
-1.740 22.071 1 
-1.683 22.086 1 
-1.627 22.101 1 
-1.570 22.115 1 
-1.513 22.129 1 
-1.457 22.143 1 
-1.399 22.155 1 
-1.342 22.168 1 
-1.285 22.179 1 
-1.227 22.191 1 
-1.170 22.201 1 
-1.112 22.211 1 
-1.054 22.221 1 
-0.996 22.230 1 
-0.938 22.239 1 
-0.880 22.247 1 
-0.822 22.255 1 
-0.763 22.262 1 
-0.705 22.268 1 
-0.646 22.274 1 
-0.588 22.280 1 
-0.529 22.285 1 
-0.471 22.289 1 
-0.412 22.293 1 
-0.353 22.297 1 
-0.294 22.300 1 
-0.235 22.302 1 
-0.177 22.304 1 
-0.118 22.305 1 
-0.059 22.306 1 
-0.000 22.306 1 
