.30.000000 .30.000000 .30.000000 .30.000000 0.000 27.150 1 
0.059 27.150 1 
0.118 27.149 1 
0.177 27.148 1 
0.235 27.147 1 
0.294 27.145 1 
0.353 27.144 1 
0.412 27.141 1 
0.471 27.139 1 
0.529 27.136 1 
0.588 27.133 1 
0.647 27.129 1 
0.705 27.126 1 
0.764 27.121 1 
0.823 27.117 1 
0.881 27.112 1 
0.940 27.107 1 
0.998 27.101 1 
1.057 27.095 1 
1.115 27.089 1 
1.173 27.083 1 
1.232 27.076 1 
1.290 27.069 1 
1.348 27.061 1 
1.406 27.053 1 
1.464 27.045 1 
1.522 27.036 1 
1.580 27.028 1 
1.638 27.018 1 
1.696 27.009 1 
1.753 26.999 1 
1.811 26.989 1 
1.868 26.978 1 
1.926 26.968 1 
1.983 26.956 1 
2.040 26.945 1 
2.098 26.933 1 
2.155 26.921 1 
2.212 26.909 1 
2.268 26.896 1 
2.325 26.883 1 
2.382 26.869 1 
2.438 26.855 1 
2.495 26.841 1 
2.551 26.827 1 
2.607 26.812 1 
2.663 26.797 1 
2.719 26.782 1 
2.775 26.766 1 
2.831 26.750 1 
2.886 26.734 1 
2.941 26.717 1 
2.997 26.700 1 
3.052 26.683 1 
3.107 26.665 1 
3.162 26.647 1 
3.216 26.629 1 
3.271 26.611 1 
3.325 26.592 1 
3.380 26.573 1 
3.434 26.553 1 
3.488 26.533 1 
3.541 26.513 1 
3.595 26.493 1 
3.648 26.472 1 
3.702 26.451 1 
3.755 26.430 1 
3.808 26.408 1 
3.860 26.386 1 
3.913 26.364 1 
3.965 26.341 1 
4.017 26.319 1 
4.069 26.295 1 
4.121 26.272 1 
4.173 26.248 1 
4.224 26.224 1 
4.276 26.200 1 
4.327 26.175 1 
4.378 26.150 1 
4.428 26.125 1 
4.479 26.100 1 
4.529 26.074 1 
4.579 26.048 1 
4.629 26.021 1 
4.678 25.995 1 
4.728 25.968 1 
4.777 25.941 1 
4.826 25.913 1 
4.875 25.885 1 
4.923 25.857 1 
4.972 25.829 1 
5.020 25.800 1 
5.067 25.771 1 
5.115 25.742 1 
5.162 25.713 1 
5.210 25.683 1 
5.256 25.653 1 
5.303 25.622 1 
5.349 25.592 1 
5.396 25.561 1 
5.442 25.530 1 
5.487 25.499 1 
5.533 25.467 1 
5.578 25.435 1 
5.623 25.403 1 
5.667 25.370 1 
5.712 25.338 1 
5.756 25.305 1 
5.800 25.272 1 
5.844 25.238 1 
5.887 25.204 1 
5.930 25.171 1 
5.973 25.136 1 
6.015 25.102 1 
6.058 25.067 1 
6.100 25.032 1 
6.141 24.997 1 
6.183 24.961 1 
6.224 24.926 1 
6.265 24.890 1 
6.305 24.854 1 
6.346 24.817 1 
6.386 24.781 1 
6.426 24.744 1 
6.465 24.707 1 
6.504 24.669 1 
6.543 24.632 1 
6.582 24.594 1 
6.620 24.556 1 
6.658 24.517 1 
6.695 24.479 1 
6.733 24.440 1 
6.770 24.401 1 
6.807 24.362 1 
6.843 24.323 1 
6.879 24.283 1 
6.915 24.243 1 
6.951 24.203 1 
6.986 24.163 1 
7.021 24.123 1 
7.055 24.082 1 
7.090 24.041 1 
7.124 24.000 1 
7.157 23.959 1 
7.191 23.917 1 
7.224 23.876 1 
7.256 23.834 1 
7.289 23.792 1 
7.321 23.750 1 
7.352 23.707 1 
7.384 23.664 1 
7.415 23.622 1 
7.445 23.579 1 
7.476 23.535 1 
7.506 23.492 1 
7.536 23.449 1 
7.565 23.405 1 
7.594 23.361 1 
7.623 23.317 1 
7.651 23.272 1 
7.679 23.228 1 
7.707 23.183 1 
7.734 23.139 1 
7.761 23.094 1 
7.788 23.049 1 
7.814 23.003 1 
7.840 22.958 1 
7.865 22.912 1 
7.891 22.866 1 
7.916 22.821 1 
7.940 22.775 1 
7.964 22.728 1 
7.988 22.682 1 
8.012 22.635 1 
8.035 22.589 1 
8.057 22.542 1 
8.080 22.495 1 
8.102 22.448 1 
8.124 22.401 1 
8.145 22.353 1 
8.166 22.306 1 
8.187 22.258 1 
8.207 22.210 1 
8.227 22.163 1 
8.246 22.115 1 
8.265 22.066 1 
8.284 22.018 1 
8.303 21.970 1 
8.321 21.921 1 
8.338 21.873 1 
8.356 21.824 1 
8.373 21.775 1 
8.389 21.726 1 
8.405 21.677 1 
8.421 21.628 1 
8.437 21.579 1 
8.452 21.529 1 
8.467 21.480 1 
8.481 21.430 1 
8.495 21.381 1 
8.509 21.331 1 
8.522 21.281 1 
8.535 21.231 1 
8.547 21.181 1 
8.559 21.131 1 
8.571 21.081 1 
8.582 21.031 1 
8.593 20.980 1 
8.604 20.930 1 
8.614 20.879 1 
8.624 20.829 1 
8.633 20.778 1 
8.643 20.727 1 
8.651 20.677 1 
8.660 20.626 1 
8.668 20.575 1 
8.675 20.524 1 
8.682 20.473 1 
8.689 20.422 1 
8.696 20.371 1 
8.702 20.320 1 
8.707 20.268 1 
8.712 20.217 1 
8.717 20.166 1 
8.722 20.115 1 
8.726 20.063 1 
8.730 20.012 1 
8.733 19.960 1 
8.736 19.909 1 
8.739 19.857 1 
8.741 19.806 1 
8.743 19.754 1 
8.744 19.703 1 
8.745 19.651 1 
8.746 19.599 1 
8.746 19.548 1 
8.746 19.496 1 
8.746 19.444 1 
8.745 19.393 1 
8.743 19.341 1 
8.742 19.289 1 
8.740 19.237 1 
8.737 19.186 1 
8.735 19.134 1 
8.731 19.082 1 
8.728 19.031 1 
8.724 18.979 1 
8.720 18.927 1 
8.715 18.876 1 
8.710 18.824 1 
8.704 18.772 1 
8.699 18.721 1 
8.692 18.669 1 
8.686 18.617 1 
8.679 18.566 1 
8.671 18.514 1 
8.664 18.463 1 
8.655 18.411 1 
8.647 18.360 1 
8.638 18.308 1 
8.629 18.257 1 
8.619 18.206 1 
8.609 18.155 1 
8.599 18.103 1 
8.588 18.052 1 
8.577 18.001 1 
8.565 17.950 1 
8.553 17.899 1 
8.541 17.848 1 
8.528 17.797 1 
8.515 17.746 1 
8.502 17.695 1 
8.488 17.645 1 
8.474 17.594 1 
8.459 17.544 1 
8.444 17.493 1 
8.429 17.443 1 
8.413 17.392 1 
8.397 17.342 1 
8.381 17.292 1 
8.364 17.242 1 
8.347 17.192 1 
8.330 17.142 1 
8.312 17.092 1 
8.293 17.042 1 
8.275 16.993 1 
8.256 16.943 1 
8.237 16.894 1 
8.217 16.844 1 
8.197 16.795 1 
8.176 16.746 1 
8.155 16.697 1 
8.134 16.648 1 
8.113 16.599 1 
8.091 16.550 1 
8.069 16.502 1 
8.046 16.453 1 
8.023 16.405 1 
8.000 16.357 1 
7.976 16.309 1 
7.952 16.261 1 
7.928 16.213 1 
7.903 16.165 1 
7.878 16.118 1 
7.853 16.071 1 
7.827 16.023 1 
7.801 15.976 1 
7.774 15.929 1 
7.747 15.882 1 
7.720 15.836 1 
7.693 15.789 1 
7.665 15.743 1 
7.637 15.697 1 
7.608 15.651 1 
7.579 15.605 1 
7.550 15.559 1 
7.521 15.513 1 
7.491 15.468 1 
7.461 15.423 1 
7.430 15.378 1 
7.399 15.333 1 
7.368 15.288 1 
7.336 15.244 1 
7.305 15.199 1 
7.272 15.155 1 
7.240 15.111 1 
7.207 15.067 1 
7.174 15.024 1 
7.140 14.980 1 
7.107 14.937 1 
7.073 14.894 1 
7.038 14.851 1 
7.003 14.809 1 
6.968 14.766 1 
6.933 14.724 1 
6.897 14.682 1 
6.861 14.640 1 
6.825 14.598 1 
6.788 14.557 1 
6.751 14.516 1 
6.714 14.475 1 
6.677 14.434 1 
6.639 14.393 1 
6.601 14.353 1 
6.562 14.313 1 
6.524 14.273 1 
6.485 14.234 1 
6.445 14.194 1 
6.406 14.155 1 
6.366 14.116 1 
6.326 14.077 1 
6.285 14.039 1 
6.244 14.001 1 
6.203 13.963 1 
6.162 13.925 1 
6.121 13.887 1 
6.079 13.850 1 
6.037 13.813 1 
5.994 13.776 1 
5.951 13.740 1 
5.908 13.703 1 
5.865 13.667 1 
5.822 13.632 1 
5.778 13.596 1 
5.734 13.561 1 
5.690 13.526 1 
5.645 13.491 1 
5.600 13.457 1 
5.555 13.423 1 
5.510 13.389 1 
5.464 13.355 1 
5.419 13.322 1 
5.373 13.289 1 
5.326 13.256 1 
5.280 13.223 1 
5.233 13.191 1 
5.186 13.159 1 
5.139 13.127 1 
5.091 13.096 1 
5.044 13.065 1 
4.996 13.034 1 
4.947 13.003 1 
4.899 12.973 1 
4.850 12.943 1 
4.802 12.913 1 
4.752 12.884 1 
4.703 12.855 1 
4.654 12.826 1 
4.604 12.798 1 
4.554 12.769 1 
4.504 12.742 1 
4.453 12.714 1 
4.403 12.687 1 
4.352 12.660 1 
4.301 12.633 1 
4.250 12.607 1 
4.199 12.581 1 
4.147 12.555 1 
4.095 12.530 1 
4.044 12.504 1 
3.991 12.480 1 
3.939 12.455 1 
3.887 12.431 1 
3.834 12.407 1 
3.781 12.384 1 
3.728 12.361 1 
3.675 12.338 1 
3.622 12.315 1 
3.568 12.293 1 
3.514 12.271 1 
3.461 12.250 1 
3.407 12.228 1 
3.352 12.208 1 
3.298 12.187 1 
3.244 12.167 1 
3.189 12.147 1 
3.134 12.127 1 
3.079 12.108 1 
3.024 12.089 1 
2.969 12.071 1 
2.914 12.053 1 
2.858 12.035 1 
2.803 12.017 1 
2.747 12.000 1 
2.691 11.983 1 
2.635 11.967 1 
2.579 11.951 1 
2.523 11.935 1 
2.466 11.919 1 
2.410 11.904 1 
2.353 11.889 1 
2.297 11.875 1 
2.240 11.861 1 
2.183 11.847 1 
2.126 11.834 1 
2.069 11.821 1 
2.012 11.808 1 
1.955 11.796 1 
1.897 11.784 1 
1.840 11.773 1 
1.782 11.761 1 
1.725 11.750 1 
1.667 11.740 1 
1.609 11.730 1 
1.551 11.720 1 
1.493 11.711 1 
1.435 11.701 1 
1.377 11.693 1 
1.319 11.684 1 
1.261 11.676 1 
1.203 11.669 1 
1.144 11.661 1 
1.086 11.655 1 
1.028 11.648 1 
0.969 11.642 1 
0.911 11.636 1 
0.852 11.631 1 
0.793 11.625 1 
0.735 11.621 1 
0.676 11.616 1 
0.617 11.612 1 
0.559 11.609 1 
0.500 11.605 1 
0.441 11.602 1 
0.382 11.600 1 
0.324 11.598 1 
0.265 11.596 1 
0.206 11.594 1 
0.147 11.593 1 
0.088 11.593 1 
0.029 11.592 1 
-0.029 11.592 1 
-0.088 11.593 1 
-0.147 11.593 1 
-0.206 11.594 1 
-0.265 11.596 1 
-0.324 11.598 1 
-0.382 11.600 1 
-0.441 11.602 1 
-0.500 11.605 1 
-0.559 11.609 1 
-0.617 11.612 1 
-0.676 11.616 1 
-0.735 11.621 1 
-0.793 11.625 1 
-0.852 11.631 1 
-0.911 11.636 1 
-0.969 11.642 1 
-1.028 11.648 1 
-1.086 11.655 1 
-1.144 11.661 1 
-1.203 11.669 1 
-1.261 11.676 1 
-1.319 11.684 1 
-1.377 11.693 1 
-1.435 11.701 1 
-1.493 11.711 1 
-1.551 11.720 1 
-1.609 11.730 1 
-1.667 11.740 1 
-1.725 11.750 1 
-1.782 11.761 1 
-1.840 11.773 1 
-1.897 11.784 1 
-1.955 11.796 1 
-2.012 11.808 1 
-2.069 11.821 1 
-2.126 11.834 1 
-2.183 11.847 1 
-2.240 11.861 1 
-2.297 11.875 1 
-2.353 11.889 1 
-2.410 11.904 1 
-2.466 11.919 1 
-2.523 11.935 1 
-2.579 11.951 1 
-2.635 11.967 1 
-2.691 11.983 1 
-2.747 12.000 1 
-2.803 12.017 1 
-2.858 12.035 1 
-2.914 12.053 1 
-2.969 12.071 1 
-3.024 12.089 1 
-3.079 12.108 1 
-3.134 12.127 1 
-3.189 12.147 1 
-3.244 12.167 1 
-3.298 12.187 1 
-3.352 12.208 1 
-3.407 12.228 1 
-3.461 12.250 1 
-3.514 12.271 1 
-3.568 12.293 1 
-3.622 12.315 1 
-3.675 12.338 1 
-3.728 12.361 1 
-3.781 12.384 1 
-3.834 12.407 1 
-3.887 12.431 1 
-3.939 12.455 1 
-3.991 12.480 1 
-4.044 12.504 1 
-4.095 12.530 1 
-4.147 12.555 1 
-4.199 12.581 1 
-4.250 12.607 1 
-4.301 12.633 1 
-4.352 12.660 1 
-4.403 12.687 1 
-4.453 12.714 1 
-4.504 12.742 1 
-4.554 12.769 1 
-4.604 12.798 1 
-4.654 12.826 1 
-4.703 12.855 1 
-4.752 12.884 1 
-4.802 12.913 1 
-4.850 12.943 1 
-4.899 12.973 1 
-4.947 13.003 1 
-4.996 13.034 1 
-5.044 13.065 1 
-5.091 13.096 1 
-5.139 13.127 1 
-5.186 13.159 1 
-5.233 13.191 1 
-5.280 13.223 1 
-5.326 13.256 1 
-5.373 13.289 1 
-5.419 13.322 1 
-5.464 13.355 1 
-5.510 13.389 1 
-5.555 13.423 1 
-5.600 13.457 1 
-5.645 13.491 1 
-5.690 13.526 1 
-5.734 13.561 1 
-5.778 13.596 1 
-5.822 13.632 1 
-5.865 13.667 1 
-5.908 13.703 1 
-5.951 13.740 1 
-5.994 13.776 1 
-6.037 13.813 1 
-6.079 13.850 1 
-6.121 13.887 1 
-6.162 13.925 1 
-6.203 13.963 1 
-6.244 14.001 1 
-6.285 14.039 1 
-6.326 14.077 1 
-6.366 14.116 1 
-6.406 14.155 1 
-6.445 14.194 1 
-6.485 14.234 1 
-6.524 14.273 1 
-6.562 14.313 1 
-6.601 14.353 1 
-6.639 14.393 1 
-6.677 14.434 1 
-6.714 14.475 1 
-6.751 14.516 1 
-6.788 14.557 1 
-6.825 14.598 1 
-6.861 14.640 1 
-6.897 14.682 1 
-6.933 14.724 1 
-6.968 14.766 1 
-7.003 14.809 1 
-7.038 14.851 1 
-7.073 14.894 1 
-7.107 14.937 1 
-7.140 14.980 1 
-7.174 15.024 1 
-7.207 15.067 1 
-7.240 15.111 1 
-7.272 15.155 1 
-7.305 15.199 1 
-7.336 15.244 1 
-7.368 15.288 1 
-7.399 15.333 1 
-7.430 15.378 1 
-7.461 15.423 1 
-7.491 15.468 1 
-7.521 15.513 1 
-7.550 15.559 1 
-7.579 15.605 1 
-7.608 15.651 1 
-7.637 15.697 1 
-7.665 15.743 1 
-7.693 15.789 1 
-7.720 15.836 1 
-7.747 15.882 1 
-7.774 15.929 1 
-7.801 15.976 1 
-7.827 16.023 1 
-7.853 16.071 1 
-7.878 16.118 1 
-7.903 16.165 1 
-7.928 16.213 1 
-7.952 16.261 1 
-7.976 16.309 1 
-8.000 16.357 1 
-8.023 16.405 1 
-8.046 16.453 1 
-8.069 16.502 1 
-8.091 16.550 1 
-8.113 16.599 1 
-8.134 16.648 1 
-8.155 16.697 1 
-8.176 16.746 1 
-8.197 16.795 1 
-8.217 16.844 1 
-8.237 16.894 1 
-8.256 16.943 1 
-8.275 16.993 1 
-8.293 17.042 1 
-8.312 17.092 1 
-8.330 17.142 1 
-8.347 17.192 1 
-8.364 17.242 1 
-8.381 17.292 1 
-8.397 17.342 1 
-8.413 17.392 1 
-8.429 17.443 1 
-8.444 17.493 1 
-8.459 17.544 1 
-8.474 17.594 1 
-8.488 17.645 1 
-8.502 17.695 1 
-8.515 17.746 1 
-8.528 17.797 1 
-8.541 17.848 1 
-8.553 17.899 1 
-8.565 17.950 1 
-8.577 18.001 1 
-8.588 18.052 1 
-8.599 18.103 1 
-8.609 18.155 1 
-8.619 18.206 1 
-8.629 18.257 1 
-8.638 18.308 1 
-8.647 18.360 1 
-8.655 18.411 1 
-8.664 18.463 1 
-8.671 18.514 1 
-8.679 18.566 1 
-8.686 18.617 1 
-8.692 18.669 1 
-8.699 18.721 1 
-8.704 18.772 1 
-8.710 18.824 1 
-8.715 18.876 1 
-8.720 18.927 1 
-8.724 18.979 1 
-8.728 19.031 1 
-8.731 19.082 1 
-8.735 19.134 1 
-8.737 19.186 1 
-8.740 19.237 1 
-8.742 19.289 1 
-8.743 19.341 1 
-8.745 19.393 1 
-8.746 19.444 1 
-8.746 19.496 1 
-8.746 19.548 1 
-8.746 19.599 1 
-8.745 19.651 1 
-8.744 19.703 1 
-8.743 19.754 1 
-8.741 19.806 1 
-8.739 19.857 1 
-8.736 19.909 1 
-8.733 19.960 1 
-8.730 20.012 1 
-8.726 20.063 1 
-8.722 20.115 1 
-8.717 20.166 1 
-8.712 20.217 1 
-8.707 20.268 1 
-8.702 20.320 1 
-8.696 20.371 1 
-8.689 20.422 1 
-8.682 20.473 1 
-8.675 20.524 1 
-8.668 20.575 1 
-8.660 20.626 1 
-8.651 20.677 1 
-8.643 20.727 1 
-8.633 20.778 1 
-8.624 20.829 1 
-8.614 20.879 1 
-8.604 20.930 1 
-8.593 20.980 1 
-8.582 21.031 1 
-8.571 21.081 1 
-8.559 21.131 1 
-8.547 21.181 1 
-8.535 21.231 1 
-8.522 21.281 1 
-8.509 21.331 1 
-8.495 21.381 1 
-8.481 21.430 1 
-8.467 21.480 1 
-8.452 21.529 1 
-8.437 21.579 1 
-8.421 21.628 1 
-8.405 21.677 1 
-8.389 21.726 1 
-8.373 21.775 1 
-8.356 21.824 1 
-8.338 21.873 1 
-8.321 21.921 1 
-8.303 21.970 1 
-8.284 22.018 1 
-8.265 22.066 1 
-8.246 22.115 1 
-8.227 22.163 1 
-8.207 22.210 1 
-8.187 22.258 1 
-8.166 22.306 1 
-8.145 22.353 1 
-8.124 22.401 1 
-8.102 22.448 1 
-8.080 22.495 1 
-8.057 22.542 1 
-8.035 22.589 1 
-8.012 22.635 1 
-7.988 22.682 1 
-7.964 22.728 1 
-7.940 22.775 1 
-7.916 22.821 1 
-7.891 22.866 1 
-7.865 22.912 1 
-7.840 22.958 1 
-7.814 23.003 1 
-7.788 23.049 1 
-7.761 23.094 1 
-7.734 23.139 1 
-7.707 23.183 1 
-7.679 23.228 1 
-7.651 23.272 1 
-7.623 23.317 1 
-7.594 23.361 1 
-7.565 23.405 1 
-7.536 23.449 1 
-7.506 23.492 1 
-7.476 23.535 1 
-7.445 23.579 1 
-7.415 23.622 1 
-7.384 23.664 1 
-7.352 23.707 1 
-7.321 23.750 1 
-7.289 23.792 1 
-7.256 23.834 1 
-7.224 23.876 1 
-7.191 23.917 1 
-7.157 23.959 1 
-7.124 24.000 1 
-7.090 24.041 1 
-7.055 24.082 1 
-7.021 24.123 1 
-6.986 24.163 1 
-6.951 24.203 1 
-6.915 24.243 1 
-6.879 24.283 1 
-6.843 24.323 1 
-6.807 24.362 1 
-6.770 24.401 1 
-6.733 24.440 1 
-6.695 24.479 1 
-6.658 24.517 1 
-6.620 24.556 1 
-6.582 24.594 1 
-6.543 24.632 1 
-6.504 24.669 1 
-6.465 24.707 1 
-6.426 24.744 1 
-6.386 24.781 1 
-6.346 24.817 1 
-6.305 24.854 1 
-6.265 24.890 1 
-6.224 24.926 1 
-6.183 24.961 1 
-6.141 24.997 1 
-6.100 25.032 1 
-6.058 25.067 1 
-6.015 25.102 1 
-5.973 25.136 1 
-5.930 25.171 1 
-5.887 25.204 1 
-5.844 25.238 1 
-5.800 25.272 1 
-5.756 25.305 1 
-5.712 25.338 1 
-5.667 25.370 1 
-5.623 25.403 1 
-5.578 25.435 1 
-5.533 25.467 1 
-5.487 25.499 1 
-5.442 25.530 1 
-5.396 25.561 1 
-5.349 25.592 1 
-5.303 25.622 1 
-5.256 25.653 1 
-5.210 25.683 1 
-5.162 25.713 1 
-5.115 25.742 1 
-5.067 25.771 1 
-5.020 25.800 1 
-4.972 25.829 1 
-4.923 25.857 1 
-4.875 25.885 1 
-4.826 25.913 1 
-4.777 25.941 1 
-4.728 25.968 1 
-4.678 25.995 1 
-4.629 26.021 1 
-4.579 26.048 1 
-4.529 26.074 1 
-4.479 26.100 1 
-4.428 26.125 1 
-4.378 26.150 1 
-4.327 26.175 1 
-4.276 26.200 1 
-4.224 26.224 1 
-4.173 26.248 1 
-4.121 26.272 1 
-4.069 26.295 1 
-4.017 26.319 1 
-3.965 26.341 1 
-3.913 26.364 1 
-3.860 26.386 1 
-3.808 26.408 1 
-3.755 26.430 1 
-3.702 26.451 1 
-3.648 26.472 1 
-3.595 26.493 1 
-3.541 26.513 1 
-3.488 26.533 1 
-3.434 26.553 1 
-3.380 26.573 1 
-3.325 26.592 1 
-3.271 26.611 1 
-3.216 26.629 1 
-3.162 26.647 1 
-3.107 26.665 1 
-3.052 26.683 1 
-2.997 26.700 1 
-2.941 26.717 1 
-2.886 26.734 1 
-2.831 26.750 1 
-2.775 26.766 1 
-2.719 26.782 1 
-2.663 26.797 1 
-2.607 26.812 1 
-2.551 26.827 1 
-2.495 26.841 1 
-2.438 26.855 1 
-2.382 26.869 1 
-2.325 26.883 1 
-2.268 26.896 1 
-2.212 26.909 1 
-2.155 26.921 1 
-2.098 26.933 1 
-2.040 26.945 1 
-1.983 26.956 1 
-1.926 26.968 1 
-1.868 26.978 1 
-1.811 26.989 1 
-1.753 26.999 1 
-1.696 27.009 1 
-1.638 27.018 1 
-1.580 27.028 1 
-1.522 27.036 1 
-1.464 27.045 1 
-1.406 27.053 1 
-1.348 27.061 1 
-1.290 27.069 1 
-1.232 27.076 1 
-1.173 27.083 1 
-1.115 27.089 1 
-1.057 27.095 1 
-0.998 27.101 1 
-0.940 27.107 1 
-0.881 27.112 1 
-0.823 27.117 1 
-0.764 27.121 1 
-0.705 27.126 1 
-0.647 27.129 1 
-0.588 27.133 1 
-0.529 27.136 1 
-0.471 27.139 1 
-0.412 27.141 1 
-0.353 27.144 1 
-0.294 27.145 1 
-0.235 27.147 1 
-0.177 27.148 1 
-0.118 27.149 1 
-0.059 27.150 1 
-0.000 27.150 1 
