11.592175 8.570440 1 
11.592175 8.598617 1 
11.592175 8.626790 1 
11.592175 8.654959 1 
11.592175 8.683123 1 
11.592175 8.711283 1 
11.592175 8.739439 1 
11.592175 8.767591 1 
11.592175 8.795739 1 
11.592175 8.823882 1 
11.592175 8.852021 1 
11.592175 8.880155 1 
11.592175 8.908285 1 
11.592175 8.936411 1 
11.592175 8.964533 1 
11.592175 8.992650 1 
11.592175 9.020763 1 
11.592175 9.048871 1 
11.592175 9.076975 1 
11.592175 9.105075 1 
11.592175 9.133170 1 
11.592175 9.161261 1 
11.592175 9.189348 1 
11.592175 9.217430 1 
11.592175 9.245507 1 
11.592175 9.273580 1 
11.592175 9.301649 1 
11.592175 9.329713 1 
11.592175 9.357772 1 
11.592175 9.385827 1 
11.592175 9.413877 1 
11.592175 9.441923 1 
11.592175 9.469965 1 
11.592175 9.498001 1 
11.592175 9.526033 1 
11.592175 9.554061 1 
11.592175 9.582084 1 
11.592175 9.610102 1 
11.592175 9.638116 1 
11.592175 9.666125 1 
11.592175 9.694129 1 
11.592175 9.722129 1 
11.592175 9.750124 1 
11.592175 9.778114 1 
11.592175 9.806100 1 
11.592175 9.834080 1 
11.592175 9.862056 1 
11.592175 9.890028 1 
11.592175 9.917994 1 
11.592175 9.945956 1 
11.592175 9.973913 1 
11.592175 10.001865 1 
11.592175 10.029813 1 
11.592175 10.057755 1 
11.592175 10.085693 1 
11.592175 10.113626 1 
11.592175 10.141554 1 
11.592175 10.169477 1 
11.592175 10.197396 1 
11.592175 10.225309 1 
11.592175 10.253218 1 
11.592175 10.281121 1 
11.592175 10.309020 1 
11.592175 10.336914 1 
11.592175 10.364802 1 
11.592175 10.392686 1 
11.592175 10.420565 1 
11.592175 10.448439 1 
11.592175 10.476308 1 
11.592175 10.504172 1 
11.592175 10.532030 1 
11.592175 10.559884 1 
11.592175 10.587733 1 
11.592175 10.615577 1 
11.592175 10.643415 1 
11.592175 10.671249 1 
11.592175 10.699077 1 
11.592175 10.726900 1 
11.592175 10.754719 1 
11.592175 10.782532 1 
11.592175 10.810340 1 
11.592175 10.838142 1 
11.592175 10.865940 1 
11.592175 10.893732 1 
11.592175 10.921520 1 
11.592175 10.949302 1 
11.592175 10.977078 1 
11.592175 11.004850 1 
11.592175 11.032616 1 
11.592175 11.060378 1 
11.592175 11.088133 1 
11.592175 11.115884 1 
11.592175 11.143629 1 
11.592175 11.171369 1 
11.592175 11.199104 1 
11.592175 11.226834 1 
11.592175 11.254558 1 
11.592175 11.282276 1 
11.592175 11.309990 1 
11.592175 11.337698 1 
11.592175 11.365400 1 
11.592175 11.393098 1 
11.592175 11.420790 1 
11.592175 11.448476 1 
11.592175 11.476157 1 
11.592175 11.503833 1 
11.592175 11.531503 1 
11.592175 11.559168 1 
11.592175 11.586827 1 
11.592175 11.614481 1 
11.592175 11.642129 1 
11.592175 11.669772 1 
11.592175 11.697409 1 
11.592175 11.725041 1 
11.592175 11.752667 1 
11.592175 11.780288 1 
11.592175 11.807903 1 
11.592175 11.835513 1 
11.592175 11.863117 1 
11.592175 11.890715 1 
11.592175 11.918308 1 
11.592175 11.945895 1 
11.592175 11.973477 1 
11.592175 12.001053 1 
11.592175 12.028623 1 
11.592175 12.056188 1 
11.592175 12.083747 1 
11.592175 12.111300 1 
11.592175 12.138848 1 
11.592175 12.166390 1 
11.592175 12.193926 1 
11.592175 12.221457 1 
11.592175 12.248981 1 
11.592175 12.276501 1 
11.592175 12.304014 1 
11.592175 12.331521 1 
11.592175 12.359023 1 
11.592175 12.386519 1 
11.592175 12.414009 1 
11.592175 12.441494 1 
11.592175 12.468972 1 
11.592175 12.496445 1 
11.592175 12.523912 1 
11.592175 12.551373 1 
11.592175 12.578828 1 
11.592175 12.606278 1 
11.592175 12.633721 1 
11.592175 12.661159 1 
11.592175 12.688590 1 
11.592175 12.716016 1 
11.592175 12.743436 1 
11.592175 12.770850 1 
11.592175 12.798258 1 
11.592175 12.825660 1 
11.592175 12.853056 1 
11.592175 12.880446 1 
11.592175 12.907830 1 
11.592175 12.935208 1 
11.592175 12.962580 1 
11.592175 12.989946 1 
11.592175 13.017306 1 
11.592175 13.044660 1 
11.592175 13.072008 1 
11.592175 13.099350 1 
11.592175 13.126686 1 
11.592175 13.154015 1 
11.592175 13.181339 1 
11.592175 13.208657 1 
11.592175 13.235968 1 
11.592175 13.263273 1 
11.592175 13.290572 1 
11.592175 13.317865 1 
11.592175 13.345152 1 
11.592175 13.372433 1 
11.592175 13.399708 1 
11.592175 13.426976 1 
11.592175 13.454238 1 
11.592175 13.481494 1 
11.592175 13.508744 1 
11.592175 13.535987 1 
11.592175 13.563224 1 
11.592175 13.590455 1 
11.592175 13.617680 1 
11.592175 13.644899 1 
11.592175 13.672111 1 
11.592175 13.699317 1 
11.592175 13.726516 1 
11.592175 13.753710 1 
11.592175 13.780897 1 
11.592175 13.808077 1 
11.592175 13.835252 1 
11.592175 13.862420 1 
11.592175 13.889581 1 
11.592175 13.916737 1 
11.592175 13.943886 1 
11.592175 13.971028 1 
11.592175 13.998164 1 
11.592175 14.025294 1 
11.592175 14.052417 1 
11.592175 14.079534 1 
11.592175 14.106644 1 
11.592175 14.133748 1 
11.592175 14.160846 1 
11.592175 14.187937 1 
11.592175 14.215022 1 
11.592175 14.242100 1 
11.592175 14.269171 1 
11.592175 14.296236 1 
11.592175 14.323295 1 
11.592175 14.350347 1 
11.592175 14.377393 1 
11.592175 14.404432 1 
11.592175 14.431464 1 
11.592175 14.458490 1 
11.592175 14.485509 1 
11.592175 14.512522 1 
11.592175 14.539528 1 
11.592175 14.566528 1 
11.592175 14.593520 1 
11.592175 14.620507 1 
11.592175 14.647486 1 
11.592175 14.674459 1 
11.592175 14.701426 1 
11.592175 14.728386 1 
11.592175 14.755339 1 
11.592175 14.782285 1 
11.592175 14.809225 1 
11.592175 14.836158 1 
11.592175 14.863084 1 
11.592175 14.890003 1 
11.592175 14.916916 1 
11.592175 14.943822 1 
11.592175 14.970722 1 
11.592175 14.997614 1 
11.592175 15.024500 1 
11.592175 15.051379 1 
11.592175 15.078252 1 
11.592175 15.105117 1 
11.592175 15.131976 1 
11.592175 15.158828 1 
11.592175 15.185673 1 
11.592175 15.212511 1 
11.592175 15.239343 1 
11.592175 15.266167 1 
11.592175 15.292985 1 
11.592175 15.319796 1 
11.592175 15.346600 1 
11.592175 15.373397 1 
11.592175 15.400187 1 
11.592175 15.426970 1 
11.592175 15.453747 1 
11.592175 15.480516 1 
11.592175 15.507279 1 
11.592175 15.534035 1 
11.592175 15.560783 1 
11.592175 15.587525 1 
11.592175 15.614260 1 
11.592175 15.640988 1 
11.592175 15.667708 1 
11.592175 15.694422 1 
11.592175 15.721129 1 
11.592175 15.747829 1 
11.592175 15.774522 1 
11.592175 15.801208 1 
11.592175 15.827886 1 
11.592175 15.854558 1 
11.592175 15.881223 1 
11.592175 15.907880 1 
11.592175 15.934531 1 
11.592175 15.961174 1 
11.592175 15.987811 1 
11.592175 16.014440 1 
11.592175 16.041062 1 
11.592175 16.067677 1 
11.592175 16.094285 1 
11.592175 16.120886 1 
11.592175 16.147480 1 
11.592175 16.174066 1 
11.592175 16.200646 1 
11.592175 16.227218 1 
11.592175 16.253783 1 
11.592175 16.280341 1 
11.592175 16.306891 1 
11.592175 16.333435 1 
11.592175 16.359971 1 
11.592175 16.386500 1 
11.592175 16.413022 1 
11.592175 16.439537 1 
11.592175 16.466044 1 
11.592175 16.492544 1 
11.592175 16.519037 1 
11.592175 16.545523 1 
11.592175 16.572001 1 
11.592175 16.598472 1 
11.592175 16.624936 1 
11.592175 16.651392 1 
11.592175 16.677842 1 
11.592175 16.704283 1 
11.592175 16.730718 1 
11.592175 16.757145 1 
11.592175 16.783565 1 
11.592175 16.809978 1 
11.592175 16.836383 1 
11.592175 16.862781 1 
11.592175 16.889171 1 
11.592175 16.915554 1 
11.592175 16.941930 1 
11.592175 16.968298 1 
11.592175 16.994659 1 
11.592175 17.021012 1 
11.592175 17.047358 1 
11.592175 17.073697 1 
11.592175 17.100028 1 
11.592175 17.126352 1 
11.592175 17.152668 1 
11.592175 17.178977 1 
11.592175 17.205278 1 
11.592175 17.231572 1 
11.592175 17.257858 1 
11.592175 17.284137 1 
11.592175 17.310409 1 
11.592175 17.336673 1 
11.592175 17.362929 1 
11.592175 17.389178 1 
11.592175 17.415419 1 
11.592175 17.441653 1 
11.592175 17.467879 1 
11.592175 17.494098 1 
11.592175 17.520309 1 
11.592175 17.546513 1 
11.592175 17.572709 1 
11.592175 17.598897 1 
11.592175 17.625078 1 
11.592175 17.651251 1 
11.592175 17.677417 1 
11.592175 17.703575 1 
11.592175 17.729725 1 
11.592175 17.755868 1 
11.592175 17.782003 1 
11.592175 17.808130 1 
11.592175 17.834250 1 
11.592175 17.860362 1 
11.592175 17.886467 1 
11.592175 17.912564 1 
11.592175 17.938653 1 
11.592175 17.964734 1 
11.592175 17.990808 1 
11.592175 18.016874 1 
11.592175 18.042932 1 
11.592175 18.068983 1 
11.592175 18.095026 1 
11.592175 18.121061 1 
11.592175 18.147088 1 
11.592175 18.173108 1 
11.592175 18.199120 1 
11.592175 18.225124 1 
11.592175 18.251120 1 
11.592175 18.277109 1 
11.592175 18.303090 1 
11.592175 18.329063 1 
11.592175 18.355028 1 
11.592175 18.380985 1 
11.592175 18.406935 1 
11.592175 18.432877 1 
11.592175 18.458811 1 
11.592175 18.484737 1 
11.592175 18.510655 1 
11.592175 18.536565 1 
11.592175 18.562468 1 
11.592175 18.588363 1 
11.592175 18.614250 1 
11.592175 18.640129 1 
11.592175 18.666000 1 
11.592175 18.691863 1 
11.592175 18.717718 1 
11.592175 18.743565 1 
11.592175 18.769405 1 
11.592175 18.795236 1 
11.592175 18.821060 1 
11.592175 18.846876 1 
11.592175 18.872684 1 
11.592175 18.898483 1 
11.592175 18.924275 1 
11.592175 18.950059 1 
11.592175 18.975835 1 
11.592175 19.001603 1 
11.592175 19.027363 1 
11.592175 19.053115 1 
11.592175 19.078859 1 
11.592175 19.104595 1 
11.592175 19.130323 1 
11.592175 19.156043 1 
11.592175 19.181755 1 
11.592175 19.207459 1 
11.592175 19.233155 1 
11.592175 19.258843 1 
11.592175 19.284523 1 
11.592175 19.310194 1 
11.592175 19.335858 1 
11.592175 19.361514 1 
11.592175 19.387161 1 
11.592175 19.412801 1 
11.592175 19.438432 1 
11.592175 19.464056 1 
11.592175 19.489671 1 
11.592175 19.515278 1 
11.592175 19.540877 1 
11.592175 19.566468 1 
11.592175 19.592051 1 
11.592175 19.617625 1 
11.592175 19.643192 1 
11.592175 19.668750 1 
11.592175 19.694301 1 
11.592175 19.719843 1 
11.592175 19.745377 1 
11.592175 19.770902 1 
11.592175 19.796420 1 
11.592175 19.821929 1 
11.592175 19.847431 1 
11.592175 19.872924 1 
11.592175 19.898408 1 
11.592175 19.923885 1 
11.592175 19.949353 1 
11.592175 19.974814 1 
11.592175 20.000266 1 
11.592175 20.025709 1 
11.592175 20.051145 1 
11.592175 20.076572 1 
11.592175 20.101991 1 
11.592175 20.127402 1 
11.592175 20.152804 1 
11.592175 20.178199 1 
11.592175 20.203585 1 
11.592175 20.228962 1 
11.592175 20.254332 1 
11.592175 20.279693 1 
11.592175 20.305046 1 
11.592175 20.330390 1 
11.592175 20.355727 1 
11.592175 20.381055 1 
11.592175 20.406374 1 
11.592175 20.431686 1 
11.592175 20.456989 1 
11.592175 20.482283 1 
11.592175 20.507569 1 
11.592175 20.532847 1 
11.592175 20.558117 1 
11.592175 20.583378 1 
11.592175 20.608631 1 
11.592175 20.633876 1 
11.592175 20.659112 1 
11.592175 20.684340 1 
11.592175 20.709559 1 
11.592175 20.734770 1 
11.592175 20.759972 1 
11.592175 20.785167 1 
11.592175 20.810352 1 
11.592175 20.835530 1 
11.592175 20.860699 1 
11.592175 20.885859 1 
11.592175 20.911011 1 
11.592175 20.936155 1 
11.592175 20.961290 1 
11.592175 20.986417 1 
11.592175 21.011535 1 
11.592175 21.036645 1 
11.592175 21.061747 1 
11.592175 21.086840 1 
11.592175 21.111924 1 
11.592175 21.137000 1 
11.592175 21.162067 1 
11.592175 21.187126 1 
11.592175 21.212177 1 
11.592175 21.237219 1 
11.592175 21.262253 1 
11.592175 21.287278 1 
11.592175 21.312294 1 
11.592175 21.337302 1 
11.592175 21.362301 1 
11.592175 21.387292 1 
11.592175 21.412275 1 
11.592175 21.437249 1 
11.592175 21.462214 1 
11.592175 21.487171 1 
11.592175 21.512119 1 
11.592175 21.537059 1 
11.592175 21.561990 1 
11.592175 21.586912 1 
11.592175 21.611826 1 
11.592175 21.636731 1 
11.592175 21.661628 1 
11.592175 21.686516 1 
11.592175 21.711396 1 
11.592175 21.736267 1 
11.592175 21.761129 1 
11.592175 21.785983 1 
11.592175 21.810828 1 
11.592175 21.835665 1 
11.592175 21.860492 1 
11.592175 21.885312 1 
11.592175 21.910122 1 
11.592175 21.934924 1 
11.592175 21.959718 1 
11.592175 21.984502 1 
11.592175 22.009278 1 
11.592175 22.034046 1 
11.592175 22.058805 1 
11.592175 22.083555 1 
11.592175 22.108296 1 
11.592175 22.133029 1 
11.592175 22.157753 1 
11.592175 22.182468 1 
11.592175 22.207175 1 
11.592175 22.231873 1 
11.592175 22.256562 1 
11.592175 22.281242 1 
11.592175 22.305914 1 
11.592175 22.330577 1 
11.592175 22.355232 1 
11.592175 22.379877 1 
11.592175 22.404514 1 
11.592175 22.429143 1 
11.592175 22.453762 1 
11.592175 22.478373 1 
11.592175 22.502975 1 
11.592175 22.527568 1 
11.592175 22.552153 1 
11.592175 22.576728 1 
11.592175 22.601295 1 
11.592175 22.625854 1 
11.592175 22.650403 1 
11.592175 22.674944 1 
11.592175 22.699476 1 
11.592175 22.723999 1 
11.592175 22.748513 1 
11.592175 22.773018 1 
11.592175 22.797515 1 
11.592175 22.822003 1 
11.592175 22.846482 1 
11.592175 22.870953 1 
11.592175 22.895414 1 
11.592175 22.919867 1 
11.592175 22.944311 1 
11.592175 22.968746 1 
11.592175 22.993172 1 
11.592175 23.017589 1 
11.592175 23.041998 1 
11.592175 23.066397 1 
11.592175 23.090788 1 
11.592175 23.115170 1 
11.592175 23.139543 1 
11.592175 23.163908 1 
11.592175 23.188263 1 
11.592175 23.212610 1 
11.592175 23.236947 1 
11.592175 23.261276 1 
11.592175 23.285596 1 
11.592175 23.309907 1 
11.592175 23.334209 1 
11.592175 23.358502 1 
11.592175 23.382787 1 
11.592175 23.407062 1 
11.592175 23.431329 1 
11.592175 23.455586 1 
11.592175 23.479835 1 
11.592175 23.504075 1 
11.592175 23.528306 1 
11.592175 23.552528 1 
11.592175 23.576741 1 
11.592175 23.600945 1 
11.592175 23.625140 1 
11.592175 23.649327 1 
11.592175 23.673504 1 
11.592175 23.697672 1 
11.592175 23.721832 1 
11.592175 23.745982 1 
11.592175 23.770124 1 
11.592175 23.794257 1 
11.592175 23.818380 1 
11.592175 23.842495 1 
11.592175 23.866601 1 
11.592175 23.890697 1 
11.592175 23.914785 1 
11.592175 23.938864 1 
11.592175 23.962934 1 
11.592175 23.986995 1 
11.592175 24.011046 1 
11.592175 24.035089 1 
11.592175 24.059123 1 
11.592175 24.083148 1 
11.592175 24.107164 1 
11.592175 24.131171 1 
11.592175 24.155168 1 
11.592175 24.179157 1 
11.592175 24.203137 1 
11.592175 24.227108 1 
11.592175 24.251070 1 
11.592175 24.275022 1 
11.592175 24.298966 1 
11.592175 24.322901 1 
11.592175 24.346826 1 
11.592175 24.370743 1 
11.592175 24.394650 1 
11.592175 24.418549 1 
11.592175 24.442438 1 
11.592175 24.466319 1 
11.592175 24.490190 1 
11.592175 24.514053 1 
11.592175 24.537906 1 
11.592175 24.561750 1 
11.592175 24.585585 1 
11.592175 24.609411 1 
11.592175 24.633228 1 
11.592175 24.657036 1 
11.592175 24.680835 1 
11.592175 24.704624 1 
11.592175 24.728405 1 
11.592175 24.752177 1 
11.592175 24.775939 1 
11.592175 24.799693 1 
11.592175 24.823437 1 
11.592175 24.847172 1 
11.592175 24.870898 1 
11.592175 24.894615 1 
11.592175 24.918323 1 
11.592175 24.942022 1 
11.592175 24.965711 1 
11.592175 24.989392 1 
11.592175 25.013063 1 
11.592175 25.036725 1 
11.592175 25.060379 1 
11.592175 25.084023 1 
11.592175 25.107658 1 
11.592175 25.131283 1 
11.592175 25.154900 1 
11.592175 25.178507 1 
11.592175 25.202106 1 
11.592175 25.225695 1 
11.592175 25.249275 1 
11.592175 25.272846 1 
11.592175 25.296408 1 
11.592175 25.319960 1 
11.592175 25.343504 1 
11.592175 25.367038 1 
11.592175 25.390563 1 
11.592175 25.414079 1 
11.592175 25.437586 1 
11.592175 25.461083 1 
11.592175 25.484572 1 
11.592175 25.508051 1 
11.592175 25.531521 1 
11.592175 25.554982 1 
11.592175 25.578434 1 
11.592175 25.601876 1 
11.592175 25.625310 1 
11.592175 25.648734 1 
11.592175 25.672149 1 
11.592175 25.695555 1 
11.592175 25.718951 1 
11.592175 25.742338 1 
11.592175 25.765717 1 
11.592175 25.789086 1 
11.592175 25.812445 1 
11.592175 25.835796 1 
11.592175 25.859137 1 
11.592175 25.882469 1 
11.592175 25.905792 1 
11.592175 25.929106 1 
11.592175 25.952410 1 
11.592175 25.975706 1 
11.592175 25.998992 1 
11.592175 26.022268 1 
11.592175 26.045536 1 
11.592175 26.068794 1 
11.592175 26.092043 1 
11.592175 26.115283 1 
11.592175 26.138514 1 
11.592175 26.161735 1 
11.592175 26.184947 1 
11.592175 26.208150 1 
11.592175 26.231344 1 
11.592175 26.254528 1 
11.592175 26.277703 1 
11.592175 26.300869 1 
11.592175 26.324026 1 
11.592175 26.347173 1 
11.592175 26.370311 1 
11.592175 26.393440 1 
11.592175 26.416560 1 
11.592175 26.439670 1 
11.592175 26.462771 1 
11.592175 26.485863 1 
11.592175 26.508945 1 
11.592175 26.532019 1 
11.592175 26.555083 1 
11.592175 26.578137 1 
11.592175 26.601183 1 
11.592175 26.624219 1 
11.592175 26.647246 1 
11.592175 26.670263 1 
11.592175 26.693272 1 
11.592175 26.716271 1 
11.592175 26.739260 1 
11.592175 26.762241 1 
11.592175 26.785212 1 
11.592175 26.808174 1 
11.592175 26.831126 1 
11.592175 26.854069 1 
11.592175 26.877003 1 
11.592175 26.899928 1 
11.592175 26.922843 1 
11.592175 26.945749 1 
11.592175 26.968646 1 
11.592175 26.991534 1 
11.592175 27.014412 1 
11.592175 27.037280 1 
11.592175 27.060140 1 
11.592175 27.082990 1 
11.592175 27.105831 1 
11.592175 27.128662 1 
11.592175 27.151485 1 
11.592175 27.174298 1 
11.592175 27.197101 1 
11.592175 27.219895 1 
11.592175 27.242680 1 
11.592175 27.265456 1 
11.592175 27.288222 1 
11.592175 27.310979 1 
11.592175 27.333727 1 
11.592175 27.356465 1 
11.592175 27.379194 1 
11.592175 27.401913 1 
11.592175 27.424624 1 
11.592175 27.447325 1 
11.592175 27.470016 1 
11.592175 27.492699 1 
11.592175 27.515371 1 
11.592175 27.538035 1 
11.592175 27.560689 1 
11.592175 27.583334 1 
11.592175 27.605970 1 
11.592175 27.628596 1 
11.592175 27.651213 1 
11.592175 27.673820 1 
11.592175 27.696418 1 
11.592175 27.719007 1 
11.592175 27.741586 1 
11.592175 27.764156 1 
11.592175 27.786717 1 
11.592175 27.809269 1 
11.592175 27.831810 1 
11.592175 27.854343 1 
11.592175 27.876866 1 
11.592175 27.899380 1 
11.592175 27.921885 1 
11.592175 27.944380 1 
11.592175 27.966866 1 
11.592175 27.989342 1 
11.592175 28.011809 1 
11.592175 28.034267 1 
11.592175 28.056715 1 
11.592175 28.079154 1 
11.592175 28.101584 1 
11.592175 28.124004 1 
11.592175 28.146415 1 
11.592175 28.168816 1 
11.592175 28.191208 1 
11.592175 28.213591 1 
11.592175 28.235964 1 
11.592175 28.258328 1 
11.592175 28.280683 1 
11.592175 28.303028 1 
11.592175 28.325364 1 
11.592175 28.347690 1 
11.592175 28.370007 1 
11.592175 28.392315 1 
11.592175 28.414613 1 
11.592175 28.436902 1 
11.592175 28.459182 1 
11.592175 28.481452 1 
11.592175 28.503713 1 
11.592175 28.525964 1 
11.592175 28.548206 1 
11.592175 28.570438 1 
11.592175 28.592662 1 
11.592175 28.614875 1 
11.592175 28.637080 1 
11.592175 28.659275 1 
11.592175 28.681460 1 
11.592175 28.703637 1 
11.592175 28.725803 1 
11.592175 28.747961 1 
11.592175 28.770109 1 
11.592175 28.792247 1 
11.592175 28.814377 1 
11.592175 28.836496 1 
11.592175 28.858607 1 
11.592175 28.880708 1 
11.592175 28.902799 1 
11.592175 28.924882 1 
0.000000 0.000000 0 
11.592175 28.924882 1 
11.563941 28.927330 1 
11.535701 28.929774 1 
11.507456 28.932211 1 
11.479205 28.934643 1 
11.450948 28.937070 1 
11.422685 28.939491 1 
11.394417 28.941907 1 
11.366143 28.944317 1 
11.337864 28.946721 1 
11.309579 28.949120 1 
11.281288 28.951514 1 
11.252992 28.953902 1 
11.224690 28.956284 1 
11.196383 28.958661 1 
11.168070 28.961032 1 
11.139752 28.963398 1 
11.111428 28.965758 1 
11.083099 28.968112 1 
11.054764 28.970461 1 
11.026424 28.972804 1 
10.998078 28.975142 1 
10.969727 28.977474 1 
10.941370 28.979800 1 
10.913008 28.982121 1 
10.884640 28.984436 1 
10.856268 28.986746 1 
10.827889 28.989050 1 
10.799506 28.991348 1 
10.771117 28.993641 1 
10.742722 28.995928 1 
10.714322 28.998209 1 
10.685917 29.000485 1 
10.657507 29.002755 1 
10.629091 29.005020 1 
10.600670 29.007279 1 
10.572244 29.009532 1 
10.543813 29.011780 1 
10.515376 29.014021 1 
10.486934 29.016258 1 
10.458487 29.018488 1 
10.430034 29.020713 1 
10.401577 29.022932 1 
10.373114 29.025146 1 
10.344646 29.027353 1 
10.316172 29.029555 1 
10.287694 29.031752 1 
10.259211 29.033943 1 
10.230722 29.036127 1 
10.202228 29.038307 1 
10.173730 29.040480 1 
10.145226 29.042648 1 
10.116717 29.044810 1 
10.088203 29.046967 1 
10.059683 29.049117 1 
10.031159 29.051262 1 
10.002630 29.053401 1 
9.974096 29.055535 1 
9.945557 29.057662 1 
9.917013 29.059784 1 
9.888464 29.061900 1 
9.859909 29.064011 1 
9.831350 29.066115 1 
9.802786 29.068214 1 
9.774218 29.070307 1 
9.745644 29.072395 1 
9.717065 29.074476 1 
9.688482 29.076552 1 
9.659893 29.078622 1 
9.631300 29.080686 1 
9.602702 29.082744 1 
9.574099 29.084797 1 
9.545491 29.086844 1 
9.516878 29.088885 1 
9.488261 29.090920 1 
9.459639 29.092949 1 
9.431012 29.094973 1 
9.402380 29.096990 1 
9.373744 29.099002 1 
9.345102 29.101008 1 
9.316457 29.103008 1 
9.287806 29.105003 1 
9.259151 29.106991 1 
9.230491 29.108974 1 
9.201826 29.110951 1 
9.173157 29.112922 1 
9.144483 29.114887 1 
9.115805 29.116846 1 
9.087122 29.118800 1 
9.058434 29.120747 1 
9.029742 29.122689 1 
9.001045 29.124624 1 
8.972343 29.126554 1 
8.943637 29.128478 1 
8.914927 29.130397 1 
8.886212 29.132309 1 
8.857493 29.134215 1 
8.828769 29.136116 1 
8.800040 29.138010 1 
8.771307 29.139899 1 
8.742570 29.141782 1 
8.713828 29.143658 1 
8.685082 29.145529 1 
8.656331 29.147394 1 
8.627576 29.149254 1 
8.598817 29.151107 1 
8.570053 29.152954 1 
8.541285 29.154795 1 
8.512513 29.156631 1 
8.483736 29.158460 1 
8.454955 29.160284 1 
8.426169 29.162101 1 
8.397380 29.163913 1 
8.368586 29.165718 1 
8.339788 29.167518 1 
8.310985 29.169312 1 
8.282178 29.171100 1 
8.253368 29.172881 1 
8.224553 29.174657 1 
8.195733 29.176427 1 
8.166910 29.178191 1 
8.138082 29.179949 1 
8.109250 29.181701 1 
8.080414 29.183447 1 
8.051574 29.185187 1 
8.022730 29.186921 1 
7.993882 29.188649 1 
7.965030 29.190371 1 
7.936173 29.192087 1 
7.907313 29.193796 1 
7.878449 29.195500 1 
7.849580 29.197198 1 
7.820708 29.198890 1 
7.791831 29.200576 1 
7.762951 29.202256 1 
7.734066 29.203930 1 
7.705178 29.205598 1 
7.676285 29.207260 1 
7.647389 29.208915 1 
7.618489 29.210565 1 
7.589585 29.212209 1 
7.560677 29.213846 1 
7.531765 29.215478 1 
7.502849 29.217103 1 
7.473930 29.218723 1 
7.445006 29.220336 1 
7.416079 29.221944 1 
7.387148 29.223545 1 
7.358213 29.225140 1 
7.329275 29.226729 1 
7.300333 29.228313 1 
7.271386 29.229890 1 
7.242437 29.231461 1 
7.213483 29.233025 1 
7.184526 29.234584 1 
7.155565 29.236137 1 
7.126600 29.237683 1 
7.097632 29.239224 1 
7.068660 29.240758 1 
7.039685 29.242287 1 
7.010706 29.243809 1 
6.981723 29.245325 1 
6.952737 29.246835 1 
6.923747 29.248339 1 
6.894753 29.249837 1 
6.865756 29.251328 1 
6.836756 29.252814 1 
6.807751 29.254293 1 
6.778744 29.255767 1 
6.749733 29.257234 1 
6.720718 29.258695 1 
6.691700 29.260150 1 
6.662679 29.261599 1 
6.633654 29.263041 1 
6.604625 29.264478 1 
6.575594 29.265908 1 
6.546559 29.267332 1 
6.517520 29.268750 1 
6.488478 29.270162 1 
6.459433 29.271568 1 
6.430384 29.272968 1 
6.401333 29.274361 1 
6.372277 29.275748 1 
6.343219 29.277129 1 
6.314157 29.278504 1 
6.285092 29.279873 1 
6.256024 29.281236 1 
6.226952 29.282592 1 
6.197878 29.283942 1 
6.168800 29.285286 1 
6.139719 29.286624 1 
6.110634 29.287956 1 
6.081547 29.289281 1 
6.052456 29.290600 1 
6.023363 29.291914 1 
5.994266 29.293220 1 
5.965166 29.294521 1 
5.936063 29.295816 1 
5.906957 29.297104 1 
5.877847 29.298386 1 
5.848735 29.299662 1 
5.819620 29.300931 1 
5.790502 29.302195 1 
5.761380 29.303452 1 
5.732256 29.304703 1 
5.703129 29.305948 1 
5.673999 29.307186 1 
5.644866 29.308419 1 
5.615730 29.309645 1 
5.586591 29.310865 1 
5.557449 29.312078 1 
5.528304 29.313286 1 
5.499156 29.314487 1 
5.470006 29.315682 1 
5.440853 29.316870 1 
5.411697 29.318053 1 
5.382538 29.319229 1 
5.353376 29.320399 1 
5.324211 29.321563 1 
5.295044 29.322720 1 
5.265874 29.323871 1 
5.236701 29.325016 1 
5.207526 29.326155 1 
5.178347 29.327287 1 
5.149166 29.328413 1 
5.119983 29.329533 1 
5.090797 29.330647 1 
5.061608 29.331754 1 
5.032416 29.332855 1 
5.003222 29.333950 1 
4.974025 29.335038 1 
4.944826 29.336120 1 
4.915624 29.337196 1 
4.886419 29.338266 1 
4.857212 29.339329 1 
4.828003 29.340386 1 
4.798791 29.341437 1 
4.769576 29.342481 1 
4.740359 29.343519 1 
4.711140 29.344551 1 
4.681918 29.345577 1 
4.652693 29.346596 1 
4.623466 29.347609 1 
4.594237 29.348616 1 
4.565005 29.349616 1 
4.535771 29.350610 1 
4.506535 29.351598 1 
4.477296 29.352579 1 
4.448055 29.353554 1 
4.418812 29.354523 1 
4.389566 29.355485 1 
4.360318 29.356441 1 
4.331067 29.357391 1 
4.301815 29.358335 1 
4.272560 29.359272 1 
4.243303 29.360203 1 
4.214044 29.361127 1 
4.184782 29.362045 1 
4.155519 29.362957 1 
4.126253 29.363862 1 
4.096985 29.364762 1 
4.067715 29.365654 1 
4.038442 29.366541 1 
4.009168 29.367421 1 
3.979892 29.368295 1 
3.950613 29.369162 1 
3.921332 29.370023 1 
3.892050 29.370878 1 
3.862765 29.371726 1 
3.833478 29.372568 1 
3.804190 29.373404 1 
3.774899 29.374233 1 
3.745606 29.375056 1 
3.716312 29.375873 1 
3.687015 29.376683 1 
3.657716 29.377487 1 
3.628416 29.378284 1 
3.599114 29.379075 1 
3.569809 29.379860 1 
3.540503 29.380638 1 
3.511195 29.381410 1 
3.481886 29.382176 1 
3.452574 29.382935 1 
3.423261 29.383688 1 
3.393945 29.384435 1 
3.364628 29.385175 1 
3.335310 29.385909 1 
3.305989 29.386636 1 
3.276667 29.387357 1 
3.247343 29.388072 1 
3.218017 29.388780 1 
3.188690 29.389482 1 
3.159361 29.390177 1 
3.130030 29.390866 1 
3.100698 29.391549 1 
3.071364 29.392225 1 
3.042028 29.392895 1 
3.012691 29.393558 1 
2.983352 29.394215 1 
2.954012 29.394866 1 
2.924670 29.395510 1 
2.895327 29.396148 1 
2.865982 29.396780 1 
2.836635 29.397405 1 
2.807287 29.398024 1 
2.777938 29.398636 1 
2.748587 29.399242 1 
2.719235 29.399841 1 
2.689881 29.400434 1 
2.660526 29.401021 1 
2.631169 29.401601 1 
2.601812 29.402175 1 
2.572452 29.402742 1 
2.543092 29.403303 1 
2.513730 29.403858 1 
2.484366 29.404406 1 
2.455002 29.404948 1 
2.425636 29.405483 1 
2.396269 29.406012 1 
2.366900 29.406534 1 
2.337531 29.407050 1 
2.308160 29.407560 1 
2.278788 29.408063 1 
2.249414 29.408560 1 
2.220040 29.409050 1 
2.190664 29.409534 1 
2.161287 29.410012 1 
2.131909 29.410483 1 
2.102530 29.410947 1 
2.073150 29.411405 1 
2.043769 29.411857 1 
2.014387 29.412302 1 
1.985003 29.412741 1 
1.955619 29.413174 1 
1.926233 29.413600 1 
1.896847 29.414019 1 
1.867459 29.414433 1 
1.838071 29.414839 1 
1.808681 29.415240 1 
1.779291 29.415633 1 
1.749900 29.416021 1 
1.720507 29.416402 1 
1.691114 29.416776 1 
1.661720 29.417144 1 
1.632325 29.417506 1 
1.602929 29.417861 1 
1.573533 29.418210 1 
1.544135 29.418552 1 
1.514737 29.418888 1 
1.485338 29.419217 1 
1.455938 29.419540 1 
1.426538 29.419857 1 
1.397136 29.420167 1 
1.367734 29.420470 1 
1.338331 29.420767 1 
1.308928 29.421058 1 
1.279524 29.421342 1 
1.250119 29.421620 1 
1.220713 29.421892 1 
1.191307 29.422156 1 
1.161900 29.422415 1 
1.132493 29.422667 1 
1.103085 29.422912 1 
1.073676 29.423151 1 
1.044267 29.423384 1 
1.014857 29.423610 1 
0.985447 29.423830 1 
0.956036 29.424043 1 
0.926625 29.424250 1 
0.897213 29.424450 1 
0.867801 29.424644 1 
0.838388 29.424831 1 
0.808975 29.425012 1 
0.779561 29.425187 1 
0.750147 29.425355 1 
0.720733 29.425517 1 
0.691318 29.425672 1 
0.661903 29.425820 1 
0.632488 29.425962 1 
0.603072 29.426098 1 
0.573656 29.426227 1 
0.544239 29.426350 1 
0.514823 29.426467 1 
0.485406 29.426577 1 
0.455988 29.426680 1 
0.426571 29.426777 1 
0.397153 29.426867 1 
0.367735 29.426951 1 
0.338317 29.427029 1 
0.308899 29.427100 1 
0.279480 29.427165 1 
0.250062 29.427223 1 
0.220643 29.427275 1 
0.191224 29.427320 1 
0.161805 29.427359 1 
0.132386 29.427391 1 
0.102967 29.427417 1 
0.073548 29.427436 1 
0.044129 29.427449 1 
0.014710 29.427456 1 
-0.014710 29.427456 1 
-0.044129 29.427449 1 
-0.073548 29.427436 1 
-0.102967 29.427417 1 
-0.132386 29.427391 1 
-0.161805 29.427359 1 
-0.191224 29.427320 1 
-0.220643 29.427275 1 
-0.250062 29.427223 1 
-0.279480 29.427165 1 
-0.308899 29.427100 1 
-0.338317 29.427029 1 
-0.367735 29.426951 1 
-0.397153 29.426867 1 
-0.426571 29.426777 1 
-0.455988 29.426680 1 
-0.485406 29.426577 1 
-0.514823 29.426467 1 
-0.544239 29.426350 1 
-0.573656 29.426227 1 
-0.603072 29.426098 1 
-0.632488 29.425962 1 
-0.661903 29.425820 1 
-0.691318 29.425672 1 
-0.720733 29.425517 1 
-0.750147 29.425355 1 
-0.779561 29.425187 1 
-0.808975 29.425012 1 
-0.838388 29.424831 1 
-0.867801 29.424644 1 
-0.897213 29.424450 1 
-0.926625 29.424250 1 
-0.956036 29.424043 1 
-0.985447 29.423830 1 
-1.014857 29.423610 1 
-1.044267 29.423384 1 
-1.073676 29.423151 1 
-1.103085 29.422912 1 
-1.132493 29.422667 1 
-1.161900 29.422415 1 
-1.191307 29.422156 1 
-1.220713 29.421892 1 
-1.250119 29.421620 1 
-1.279524 29.421342 1 
-1.308928 29.421058 1 
-1.338331 29.420767 1 
-1.367734 29.420470 1 
-1.397136 29.420167 1 
-1.426538 29.419857 1 
-1.455938 29.419540 1 
-1.485338 29.419217 1 
-1.514737 29.418888 1 
-1.544135 29.418552 1 
-1.573533 29.418210 1 
-1.602929 29.417861 1 
-1.632325 29.417506 1 
-1.661720 29.417144 1 
-1.691114 29.416776 1 
-1.720507 29.416402 1 
-1.749900 29.416021 1 
-1.779291 29.415633 1 
-1.808681 29.415240 1 
-1.838071 29.414839 1 
-1.867459 29.414433 1 
-1.896847 29.414019 1 
-1.926233 29.413600 1 
-1.955619 29.413174 1 
-1.985003 29.412741 1 
-2.014387 29.412302 1 
-2.043769 29.411857 1 
-2.073150 29.411405 1 
-2.102530 29.410947 1 
-2.131909 29.410483 1 
-2.161287 29.410012 1 
-2.190664 29.409534 1 
-2.220040 29.409050 1 
-2.249414 29.408560 1 
-2.278788 29.408063 1 
-2.308160 29.407560 1 
-2.337531 29.407050 1 
-2.366900 29.406534 1 
-2.396269 29.406012 1 
-2.425636 29.405483 1 
-2.455002 29.404948 1 
-2.484366 29.404406 1 
-2.513730 29.403858 1 
-2.543092 29.403303 1 
-2.572452 29.402742 1 
-2.601812 29.402175 1 
-2.631169 29.401601 1 
-2.660526 29.401021 1 
-2.689881 29.400434 1 
-2.719235 29.399841 1 
-2.748587 29.399242 1 
-2.777938 29.398636 1 
-2.807287 29.398024 1 
-2.836635 29.397405 1 
-2.865982 29.396780 1 
-2.895327 29.396148 1 
-2.924670 29.395510 1 
-2.954012 29.394866 1 
-2.983352 29.394215 1 
-3.012691 29.393558 1 
-3.042028 29.392895 1 
-3.071364 29.392225 1 
-3.100698 29.391549 1 
-3.130030 29.390866 1 
-3.159361 29.390177 1 
-3.188690 29.389482 1 
-3.218017 29.388780 1 
-3.247343 29.388072 1 
-3.276667 29.387357 1 
-3.305989 29.386636 1 
-3.335310 29.385909 1 
-3.364628 29.385175 1 
-3.393945 29.384435 1 
-3.423261 29.383688 1 
-3.452574 29.382935 1 
-3.481886 29.382176 1 
-3.511195 29.381410 1 
-3.540503 29.380638 1 
-3.569809 29.379860 1 
-3.599114 29.379075 1 
-3.628416 29.378284 1 
-3.657716 29.377487 1 
-3.687015 29.376683 1 
-3.716312 29.375873 1 
-3.745606 29.375056 1 
-3.774899 29.374233 1 
-3.804190 29.373404 1 
-3.833478 29.372568 1 
-3.862765 29.371726 1 
-3.892050 29.370878 1 
-3.921332 29.370023 1 
-3.950613 29.369162 1 
-3.979892 29.368295 1 
-4.009168 29.367421 1 
-4.038442 29.366541 1 
-4.067715 29.365654 1 
-4.096985 29.364762 1 
-4.126253 29.363862 1 
-4.155519 29.362957 1 
-4.184782 29.362045 1 
-4.214044 29.361127 1 
-4.243303 29.360203 1 
-4.272560 29.359272 1 
-4.301815 29.358335 1 
-4.331067 29.357391 1 
-4.360318 29.356441 1 
-4.389566 29.355485 1 
-4.418812 29.354523 1 
-4.448055 29.353554 1 
-4.477296 29.352579 1 
-4.506535 29.351598 1 
-4.535771 29.350610 1 
-4.565005 29.349616 1 
-4.594237 29.348616 1 
-4.623466 29.347609 1 
-4.652693 29.346596 1 
-4.681918 29.345577 1 
-4.711140 29.344551 1 
-4.740359 29.343519 1 
-4.769576 29.342481 1 
-4.798791 29.341437 1 
-4.828003 29.340386 1 
-4.857212 29.339329 1 
-4.886419 29.338266 1 
-4.915624 29.337196 1 
-4.944826 29.336120 1 
-4.974025 29.335038 1 
-5.003222 29.333950 1 
-5.032416 29.332855 1 
-5.061608 29.331754 1 
-5.090797 29.330647 1 
-5.119983 29.329533 1 
-5.149166 29.328413 1 
-5.178347 29.327287 1 
-5.207526 29.326155 1 
-5.236701 29.325016 1 
-5.265874 29.323871 1 
-5.295044 29.322720 1 
-5.324211 29.321563 1 
-5.353376 29.320399 1 
-5.382538 29.319229 1 
-5.411697 29.318053 1 
-5.440853 29.316870 1 
-5.470006 29.315682 1 
-5.499156 29.314487 1 
-5.528304 29.313286 1 
-5.557449 29.312078 1 
-5.586591 29.310865 1 
-5.615730 29.309645 1 
-5.644866 29.308419 1 
-5.673999 29.307186 1 
-5.703129 29.305948 1 
-5.732256 29.304703 1 
-5.761380 29.303452 1 
-5.790502 29.302195 1 
-5.819620 29.300931 1 
-5.848735 29.299662 1 
-5.877847 29.298386 1 
-5.906957 29.297104 1 
-5.936063 29.295816 1 
-5.965166 29.294521 1 
-5.994266 29.293220 1 
-6.023363 29.291914 1 
-6.052456 29.290600 1 
-6.081547 29.289281 1 
-6.110634 29.287956 1 
-6.139719 29.286624 1 
-6.168800 29.285286 1 
-6.197878 29.283942 1 
-6.226952 29.282592 1 
-6.256024 29.281236 1 
-6.285092 29.279873 1 
-6.314157 29.278504 1 
-6.343219 29.277129 1 
-6.372277 29.275748 1 
-6.401333 29.274361 1 
-6.430384 29.272968 1 
-6.459433 29.271568 1 
-6.488478 29.270162 1 
-6.517520 29.268750 1 
-6.546559 29.267332 1 
-6.575594 29.265908 1 
-6.604625 29.264478 1 
-6.633654 29.263041 1 
-6.662679 29.261599 1 
-6.691700 29.260150 1 
-6.720718 29.258695 1 
-6.749733 29.257234 1 
-6.778744 29.255767 1 
-6.807751 29.254293 1 
-6.836756 29.252814 1 
-6.865756 29.251328 1 
-6.894753 29.249837 1 
-6.923747 29.248339 1 
-6.952737 29.246835 1 
-6.981723 29.245325 1 
-7.010706 29.243809 1 
-7.039685 29.242287 1 
-7.068660 29.240758 1 
-7.097632 29.239224 1 
-7.126600 29.237683 1 
-7.155565 29.236137 1 
-7.184526 29.234584 1 
-7.213483 29.233025 1 
-7.242437 29.231461 1 
-7.271386 29.229890 1 
-7.300333 29.228313 1 
-7.329275 29.226729 1 
-7.358213 29.225140 1 
-7.387148 29.223545 1 
-7.416079 29.221944 1 
-7.445006 29.220336 1 
-7.473930 29.218723 1 
-7.502849 29.217103 1 
-7.531765 29.215478 1 
-7.560677 29.213846 1 
-7.589585 29.212209 1 
-7.618489 29.210565 1 
-7.647389 29.208915 1 
-7.676285 29.207260 1 
-7.705178 29.205598 1 
-7.734066 29.203930 1 
-7.762951 29.202256 1 
-7.791831 29.200576 1 
-7.820708 29.198890 1 
-7.849580 29.197198 1 
-7.878449 29.195500 1 
-7.907313 29.193796 1 
-7.936173 29.192087 1 
-7.965030 29.190371 1 
-7.993882 29.188649 1 
-8.022730 29.186921 1 
-8.051574 29.185187 1 
-8.080414 29.183447 1 
-8.109250 29.181701 1 
-8.138082 29.179949 1 
-8.166910 29.178191 1 
-8.195733 29.176427 1 
-8.224553 29.174657 1 
-8.253368 29.172881 1 
-8.282178 29.171100 1 
-8.310985 29.169312 1 
-8.339788 29.167518 1 
-8.368586 29.165718 1 
-8.397380 29.163913 1 
-8.426169 29.162101 1 
-8.454955 29.160284 1 
-8.483736 29.158460 1 
-8.512513 29.156631 1 
-8.541285 29.154795 1 
-8.570053 29.152954 1 
-8.598817 29.151107 1 
-8.627576 29.149254 1 
-8.656331 29.147394 1 
-8.685082 29.145529 1 
-8.713828 29.143658 1 
-8.742570 29.141782 1 
-8.771307 29.139899 1 
-8.800040 29.138010 1 
-8.828769 29.136116 1 
-8.857493 29.134215 1 
-8.886212 29.132309 1 
-8.914927 29.130397 1 
-8.943637 29.128478 1 
-8.972343 29.126554 1 
-9.001045 29.124624 1 
-9.029742 29.122689 1 
-9.058434 29.120747 1 
-9.087122 29.118800 1 
-9.115805 29.116846 1 
-9.144483 29.114887 1 
-9.173157 29.112922 1 
-9.201826 29.110951 1 
-9.230491 29.108974 1 
-9.259151 29.106991 1 
-9.287806 29.105003 1 
-9.316457 29.103008 1 
-9.345102 29.101008 1 
-9.373744 29.099002 1 
-9.402380 29.096990 1 
-9.431012 29.094973 1 
-9.459639 29.092949 1 
-9.488261 29.090920 1 
-9.516878 29.088885 1 
-9.545491 29.086844 1 
-9.574099 29.084797 1 
-9.602702 29.082744 1 
-9.631300 29.080686 1 
-9.659893 29.078622 1 
-9.688482 29.076552 1 
-9.717065 29.074476 1 
-9.745644 29.072395 1 
-9.774218 29.070307 1 
-9.802786 29.068214 1 
-9.831350 29.066115 1 
-9.859909 29.064011 1 
-9.888464 29.061900 1 
-9.917013 29.059784 1 
-9.945557 29.057662 1 
-9.974096 29.055535 1 
-10.002630 29.053401 1 
-10.031159 29.051262 1 
-10.059683 29.049117 1 
-10.088203 29.046967 1 
-10.116717 29.044810 1 
-10.145226 29.042648 1 
-10.173730 29.040480 1 
-10.202228 29.038307 1 
-10.230722 29.036127 1 
-10.259211 29.033943 1 
-10.287694 29.031752 1 
-10.316172 29.029555 1 
-10.344646 29.027353 1 
-10.373114 29.025146 1 
-10.401577 29.022932 1 
-10.430034 29.020713 1 
-10.458487 29.018488 1 
-10.486934 29.016258 1 
-10.515376 29.014021 1 
-10.543813 29.011780 1 
-10.572244 29.009532 1 
-10.600670 29.007279 1 
-10.629091 29.005020 1 
-10.657507 29.002755 1 
-10.685917 29.000485 1 
-10.714322 28.998209 1 
-10.742722 28.995928 1 
-10.771117 28.993641 1 
-10.799506 28.991348 1 
-10.827889 28.989050 1 
-10.856268 28.986746 1 
-10.884640 28.984436 1 
-10.913008 28.982121 1 
-10.941370 28.979800 1 
-10.969727 28.977474 1 
-10.998078 28.975142 1 
-11.026424 28.972804 1 
-11.054764 28.970461 1 
-11.083099 28.968112 1 
-11.111428 28.965758 1 
-11.139752 28.963398 1 
-11.168070 28.961032 1 
-11.196383 28.958661 1 
-11.224690 28.956284 1 
-11.252992 28.953902 1 
-11.281288 28.951514 1 
-11.309579 28.949120 1 
-11.337864 28.946721 1 
-11.366143 28.944317 1 
-11.394417 28.941907 1 
-11.422685 28.939491 1 
-11.450948 28.937070 1 
-11.479205 28.934643 1 
-11.507456 28.932211 1 
-11.535701 28.929774 1 
-11.563941 28.927330 1 
-11.592175 28.924882 1 
0.000000 0.000000 0 
-11.592175 28.924882 1 
-11.592175 28.902799 1 
-11.592175 28.880708 1 
-11.592175 28.858607 1 
-11.592175 28.836496 1 
-11.592175 28.814377 1 
-11.592175 28.792247 1 
-11.592175 28.770109 1 
-11.592175 28.747961 1 
-11.592175 28.725803 1 
-11.592175 28.703637 1 
-11.592175 28.681460 1 
-11.592175 28.659275 1 
-11.592175 28.637080 1 
-11.592175 28.614875 1 
-11.592175 28.592662 1 
-11.592175 28.570438 1 
-11.592175 28.548206 1 
-11.592175 28.525964 1 
-11.592175 28.503713 1 
-11.592175 28.481452 1 
-11.592175 28.459182 1 
-11.592175 28.436902 1 
-11.592175 28.414613 1 
-11.592175 28.392315 1 
-11.592175 28.370007 1 
-11.592175 28.347690 1 
-11.592175 28.325364 1 
-11.592175 28.303028 1 
-11.592175 28.280683 1 
-11.592175 28.258328 1 
-11.592175 28.235964 1 
-11.592175 28.213591 1 
-11.592175 28.191208 1 
-11.592175 28.168816 1 
-11.592175 28.146415 1 
-11.592175 28.124004 1 
-11.592175 28.101584 1 
-11.592175 28.079154 1 
-11.592175 28.056715 1 
-11.592175 28.034267 1 
-11.592175 28.011809 1 
-11.592175 27.989342 1 
-11.592175 27.966866 1 
-11.592175 27.944380 1 
-11.592175 27.921885 1 
-11.592175 27.899380 1 
-11.592175 27.876866 1 
-11.592175 27.854343 1 
-11.592175 27.831810 1 
-11.592175 27.809269 1 
-11.592175 27.786717 1 
-11.592175 27.764156 1 
-11.592175 27.741586 1 
-11.592175 27.719007 1 
-11.592175 27.696418 1 
-11.592175 27.673820 1 
-11.592175 27.651213 1 
-11.592175 27.628596 1 
-11.592175 27.605970 1 
-11.592175 27.583334 1 
-11.592175 27.560689 1 
-11.592175 27.538035 1 
-11.592175 27.515371 1 
-11.592175 27.492699 1 
-11.592175 27.470016 1 
-11.592175 27.447325 1 
-11.592175 27.424624 1 
-11.592175 27.401913 1 
-11.592175 27.379194 1 
-11.592175 27.356465 1 
-11.592175 27.333727 1 
-11.592175 27.310979 1 
-11.592175 27.288222 1 
-11.592175 27.265456 1 
-11.592175 27.242680 1 
-11.592175 27.219895 1 
-11.592175 27.197101 1 
-11.592175 27.174298 1 
-11.592175 27.151485 1 
-11.592175 27.128662 1 
-11.592175 27.105831 1 
-11.592175 27.082990 1 
-11.592175 27.060140 1 
-11.592175 27.037280 1 
-11.592175 27.014412 1 
-11.592175 26.991534 1 
-11.592175 26.968646 1 
-11.592175 26.945749 1 
-11.592175 26.922843 1 
-11.592175 26.899928 1 
-11.592175 26.877003 1 
-11.592175 26.854069 1 
-11.592175 26.831126 1 
-11.592175 26.808174 1 
-11.592175 26.785212 1 
-11.592175 26.762241 1 
-11.592175 26.739260 1 
-11.592175 26.716271 1 
-11.592175 26.693272 1 
-11.592175 26.670263 1 
-11.592175 26.647246 1 
-11.592175 26.624219 1 
-11.592175 26.601183 1 
-11.592175 26.578137 1 
-11.592175 26.555083 1 
-11.592175 26.532019 1 
-11.592175 26.508945 1 
-11.592175 26.485863 1 
-11.592175 26.462771 1 
-11.592175 26.439670 1 
-11.592175 26.416560 1 
-11.592175 26.393440 1 
-11.592175 26.370311 1 
-11.592175 26.347173 1 
-11.592175 26.324026 1 
-11.592175 26.300869 1 
-11.592175 26.277703 1 
-11.592175 26.254528 1 
-11.592175 26.231344 1 
-11.592175 26.208150 1 
-11.592175 26.184947 1 
-11.592175 26.161735 1 
-11.592175 26.138514 1 
-11.592175 26.115283 1 
-11.592175 26.092043 1 
-11.592175 26.068794 1 
-11.592175 26.045536 1 
-11.592175 26.022268 1 
-11.592175 25.998992 1 
-11.592175 25.975706 1 
-11.592175 25.952410 1 
-11.592175 25.929106 1 
-11.592175 25.905792 1 
-11.592175 25.882469 1 
-11.592175 25.859137 1 
-11.592175 25.835796 1 
-11.592175 25.812445 1 
-11.592175 25.789086 1 
-11.592175 25.765717 1 
-11.592175 25.742338 1 
-11.592175 25.718951 1 
-11.592175 25.695555 1 
-11.592175 25.672149 1 
-11.592175 25.648734 1 
-11.592175 25.625310 1 
-11.592175 25.601876 1 
-11.592175 25.578434 1 
-11.592175 25.554982 1 
-11.592175 25.531521 1 
-11.592175 25.508051 1 
-11.592175 25.484572 1 
-11.592175 25.461083 1 
-11.592175 25.437586 1 
-11.592175 25.414079 1 
-11.592175 25.390563 1 
-11.592175 25.367038 1 
-11.592175 25.343504 1 
-11.592175 25.319960 1 
-11.592175 25.296408 1 
-11.592175 25.272846 1 
-11.592175 25.249275 1 
-11.592175 25.225695 1 
-11.592175 25.202106 1 
-11.592175 25.178507 1 
-11.592175 25.154900 1 
-11.592175 25.131283 1 
-11.592175 25.107658 1 
-11.592175 25.084023 1 
-11.592175 25.060379 1 
-11.592175 25.036725 1 
-11.592175 25.013063 1 
-11.592175 24.989392 1 
-11.592175 24.965711 1 
-11.592175 24.942022 1 
-11.592175 24.918323 1 
-11.592175 24.894615 1 
-11.592175 24.870898 1 
-11.592175 24.847172 1 
-11.592175 24.823437 1 
-11.592175 24.799693 1 
-11.592175 24.775939 1 
-11.592175 24.752177 1 
-11.592175 24.728405 1 
-11.592175 24.704624 1 
-11.592175 24.680835 1 
-11.592175 24.657036 1 
-11.592175 24.633228 1 
-11.592175 24.609411 1 
-11.592175 24.585585 1 
-11.592175 24.561750 1 
-11.592175 24.537906 1 
-11.592175 24.514053 1 
-11.592175 24.490190 1 
-11.592175 24.466319 1 
-11.592175 24.442438 1 
-11.592175 24.418549 1 
-11.592175 24.394650 1 
-11.592175 24.370743 1 
-11.592175 24.346826 1 
-11.592175 24.322901 1 
-11.592175 24.298966 1 
-11.592175 24.275022 1 
-11.592175 24.251070 1 
-11.592175 24.227108 1 
-11.592175 24.203137 1 
-11.592175 24.179157 1 
-11.592175 24.155168 1 
-11.592175 24.131171 1 
-11.592175 24.107164 1 
-11.592175 24.083148 1 
-11.592175 24.059123 1 
-11.592175 24.035089 1 
-11.592175 24.011046 1 
-11.592175 23.986995 1 
-11.592175 23.962934 1 
-11.592175 23.938864 1 
-11.592175 23.914785 1 
-11.592175 23.890697 1 
-11.592175 23.866601 1 
-11.592175 23.842495 1 
-11.592175 23.818380 1 
-11.592175 23.794257 1 
-11.592175 23.770124 1 
-11.592175 23.745982 1 
-11.592175 23.721832 1 
-11.592175 23.697672 1 
-11.592175 23.673504 1 
-11.592175 23.649327 1 
-11.592175 23.625140 1 
-11.592175 23.600945 1 
-11.592175 23.576741 1 
-11.592175 23.552528 1 
-11.592175 23.528306 1 
-11.592175 23.504075 1 
-11.592175 23.479835 1 
-11.592175 23.455586 1 
-11.592175 23.431329 1 
-11.592175 23.407062 1 
-11.592175 23.382787 1 
-11.592175 23.358502 1 
-11.592175 23.334209 1 
-11.592175 23.309907 1 
-11.592175 23.285596 1 
-11.592175 23.261276 1 
-11.592175 23.236947 1 
-11.592175 23.212610 1 
-11.592175 23.188263 1 
-11.592175 23.163908 1 
-11.592175 23.139543 1 
-11.592175 23.115170 1 
-11.592175 23.090788 1 
-11.592175 23.066397 1 
-11.592175 23.041998 1 
-11.592175 23.017589 1 
-11.592175 22.993172 1 
-11.592175 22.968746 1 
-11.592175 22.944311 1 
-11.592175 22.919867 1 
-11.592175 22.895414 1 
-11.592175 22.870953 1 
-11.592175 22.846482 1 
-11.592175 22.822003 1 
-11.592175 22.797515 1 
-11.592175 22.773018 1 
-11.592175 22.748513 1 
-11.592175 22.723999 1 
-11.592175 22.699476 1 
-11.592175 22.674944 1 
-11.592175 22.650403 1 
-11.592175 22.625854 1 
-11.592175 22.601295 1 
-11.592175 22.576728 1 
-11.592175 22.552153 1 
-11.592175 22.527568 1 
-11.592175 22.502975 1 
-11.592175 22.478373 1 
-11.592175 22.453762 1 
-11.592175 22.429143 1 
-11.592175 22.404514 1 
-11.592175 22.379877 1 
-11.592175 22.355232 1 
-11.592175 22.330577 1 
-11.592175 22.305914 1 
-11.592175 22.281242 1 
-11.592175 22.256562 1 
-11.592175 22.231873 1 
-11.592175 22.207175 1 
-11.592175 22.182468 1 
-11.592175 22.157753 1 
-11.592175 22.133029 1 
-11.592175 22.108296 1 
-11.592175 22.083555 1 
-11.592175 22.058805 1 
-11.592175 22.034046 1 
-11.592175 22.009278 1 
-11.592175 21.984502 1 
-11.592175 21.959718 1 
-11.592175 21.934924 1 
-11.592175 21.910122 1 
-11.592175 21.885312 1 
-11.592175 21.860492 1 
-11.592175 21.835665 1 
-11.592175 21.810828 1 
-11.592175 21.785983 1 
-11.592175 21.761129 1 
-11.592175 21.736267 1 
-11.592175 21.711396 1 
-11.592175 21.686516 1 
-11.592175 21.661628 1 
-11.592175 21.636731 1 
-11.592175 21.611826 1 
-11.592175 21.586912 1 
-11.592175 21.561990 1 
-11.592175 21.537059 1 
-11.592175 21.512119 1 
-11.592175 21.487171 1 
-11.592175 21.462214 1 
-11.592175 21.437249 1 
-11.592175 21.412275 1 
-11.592175 21.387292 1 
-11.592175 21.362301 1 
-11.592175 21.337302 1 
-11.592175 21.312294 1 
-11.592175 21.287278 1 
-11.592175 21.262253 1 
-11.592175 21.237219 1 
-11.592175 21.212177 1 
-11.592175 21.187126 1 
-11.592175 21.162067 1 
-11.592175 21.137000 1 
-11.592175 21.111924 1 
-11.592175 21.086840 1 
-11.592175 21.061747 1 
-11.592175 21.036645 1 
-11.592175 21.011535 1 
-11.592175 20.986417 1 
-11.592175 20.961290 1 
-11.592175 20.936155 1 
-11.592175 20.911011 1 
-11.592175 20.885859 1 
-11.592175 20.860699 1 
-11.592175 20.835530 1 
-11.592175 20.810352 1 
-11.592175 20.785167 1 
-11.592175 20.759972 1 
-11.592175 20.734770 1 
-11.592175 20.709559 1 
-11.592175 20.684340 1 
-11.592175 20.659112 1 
-11.592175 20.633876 1 
-11.592175 20.608631 1 
-11.592175 20.583378 1 
-11.592175 20.558117 1 
-11.592175 20.532847 1 
-11.592175 20.507569 1 
-11.592175 20.482283 1 
-11.592175 20.456989 1 
-11.592175 20.431686 1 
-11.592175 20.406374 1 
-11.592175 20.381055 1 
-11.592175 20.355727 1 
-11.592175 20.330390 1 
-11.592175 20.305046 1 
-11.592175 20.279693 1 
-11.592175 20.254332 1 
-11.592175 20.228962 1 
-11.592175 20.203585 1 
-11.592175 20.178199 1 
-11.592175 20.152804 1 
-11.592175 20.127402 1 
-11.592175 20.101991 1 
-11.592175 20.076572 1 
-11.592175 20.051145 1 
-11.592175 20.025709 1 
-11.592175 20.000266 1 
-11.592175 19.974814 1 
-11.592175 19.949353 1 
-11.592175 19.923885 1 
-11.592175 19.898408 1 
-11.592175 19.872924 1 
-11.592175 19.847431 1 
-11.592175 19.821929 1 
-11.592175 19.796420 1 
-11.592175 19.770902 1 
-11.592175 19.745377 1 
-11.592175 19.719843 1 
-11.592175 19.694301 1 
-11.592175 19.668750 1 
-11.592175 19.643192 1 
-11.592175 19.617625 1 
-11.592175 19.592051 1 
-11.592175 19.566468 1 
-11.592175 19.540877 1 
-11.592175 19.515278 1 
-11.592175 19.489671 1 
-11.592175 19.464056 1 
-11.592175 19.438432 1 
-11.592175 19.412801 1 
-11.592175 19.387161 1 
-11.592175 19.361514 1 
-11.592175 19.335858 1 
-11.592175 19.310194 1 
-11.592175 19.284523 1 
-11.592175 19.258843 1 
-11.592175 19.233155 1 
-11.592175 19.207459 1 
-11.592175 19.181755 1 
-11.592175 19.156043 1 
-11.592175 19.130323 1 
-11.592175 19.104595 1 
-11.592175 19.078859 1 
-11.592175 19.053115 1 
-11.592175 19.027363 1 
-11.592175 19.001603 1 
-11.592175 18.975835 1 
-11.592175 18.950059 1 
-11.592175 18.924275 1 
-11.592175 18.898483 1 
-11.592175 18.872684 1 
-11.592175 18.846876 1 
-11.592175 18.821060 1 
-11.592175 18.795236 1 
-11.592175 18.769405 1 
-11.592175 18.743565 1 
-11.592175 18.717718 1 
-11.592175 18.691863 1 
-11.592175 18.666000 1 
-11.592175 18.640129 1 
-11.592175 18.614250 1 
-11.592175 18.588363 1 
-11.592175 18.562468 1 
-11.592175 18.536565 1 
-11.592175 18.510655 1 
-11.592175 18.484737 1 
-11.592175 18.458811 1 
-11.592175 18.432877 1 
-11.592175 18.406935 1 
-11.592175 18.380985 1 
-11.592175 18.355028 1 
-11.592175 18.329063 1 
-11.592175 18.303090 1 
-11.592175 18.277109 1 
-11.592175 18.251120 1 
-11.592175 18.225124 1 
-11.592175 18.199120 1 
-11.592175 18.173108 1 
-11.592175 18.147088 1 
-11.592175 18.121061 1 
-11.592175 18.095026 1 
-11.592175 18.068983 1 
-11.592175 18.042932 1 
-11.592175 18.016874 1 
-11.592175 17.990808 1 
-11.592175 17.964734 1 
-11.592175 17.938653 1 
-11.592175 17.912564 1 
-11.592175 17.886467 1 
-11.592175 17.860362 1 
-11.592175 17.834250 1 
-11.592175 17.808130 1 
-11.592175 17.782003 1 
-11.592175 17.755868 1 
-11.592175 17.729725 1 
-11.592175 17.703575 1 
-11.592175 17.677417 1 
-11.592175 17.651251 1 
-11.592175 17.625078 1 
-11.592175 17.598897 1 
-11.592175 17.572709 1 
-11.592175 17.546513 1 
-11.592175 17.520309 1 
-11.592175 17.494098 1 
-11.592175 17.467879 1 
-11.592175 17.441653 1 
-11.592175 17.415419 1 
-11.592175 17.389178 1 
-11.592175 17.362929 1 
-11.592175 17.336673 1 
-11.592175 17.310409 1 
-11.592175 17.284137 1 
-11.592175 17.257858 1 
-11.592175 17.231572 1 
-11.592175 17.205278 1 
-11.592175 17.178977 1 
-11.592175 17.152668 1 
-11.592175 17.126352 1 
-11.592175 17.100028 1 
-11.592175 17.073697 1 
-11.592175 17.047358 1 
-11.592175 17.021012 1 
-11.592175 16.994659 1 
-11.592175 16.968298 1 
-11.592175 16.941930 1 
-11.592175 16.915554 1 
-11.592175 16.889171 1 
-11.592175 16.862781 1 
-11.592175 16.836383 1 
-11.592175 16.809978 1 
-11.592175 16.783565 1 
-11.592175 16.757145 1 
-11.592175 16.730718 1 
-11.592175 16.704283 1 
-11.592175 16.677842 1 
-11.592175 16.651392 1 
-11.592175 16.624936 1 
-11.592175 16.598472 1 
-11.592175 16.572001 1 
-11.592175 16.545523 1 
-11.592175 16.519037 1 
-11.592175 16.492544 1 
-11.592175 16.466044 1 
-11.592175 16.439537 1 
-11.592175 16.413022 1 
-11.592175 16.386500 1 
-11.592175 16.359971 1 
-11.592175 16.333435 1 
-11.592175 16.306891 1 
-11.592175 16.280341 1 
-11.592175 16.253783 1 
-11.592175 16.227218 1 
-11.592175 16.200646 1 
-11.592175 16.174066 1 
-11.592175 16.147480 1 
-11.592175 16.120886 1 
-11.592175 16.094285 1 
-11.592175 16.067677 1 
-11.592175 16.041062 1 
-11.592175 16.014440 1 
-11.592175 15.987811 1 
-11.592175 15.961174 1 
-11.592175 15.934531 1 
-11.592175 15.907880 1 
-11.592175 15.881223 1 
-11.592175 15.854558 1 
-11.592175 15.827886 1 
-11.592175 15.801208 1 
-11.592175 15.774522 1 
-11.592175 15.747829 1 
-11.592175 15.721129 1 
-11.592175 15.694422 1 
-11.592175 15.667708 1 
-11.592175 15.640988 1 
-11.592175 15.614260 1 
-11.592175 15.587525 1 
-11.592175 15.560783 1 
-11.592175 15.534035 1 
-11.592175 15.507279 1 
-11.592175 15.480516 1 
-11.592175 15.453747 1 
-11.592175 15.426970 1 
-11.592175 15.400187 1 
-11.592175 15.373397 1 
-11.592175 15.346600 1 
-11.592175 15.319796 1 
-11.592175 15.292985 1 
-11.592175 15.266167 1 
-11.592175 15.239343 1 
-11.592175 15.212511 1 
-11.592175 15.185673 1 
-11.592175 15.158828 1 
-11.592175 15.131976 1 
-11.592175 15.105117 1 
-11.592175 15.078252 1 
-11.592175 15.051379 1 
-11.592175 15.024500 1 
-11.592175 14.997614 1 
-11.592175 14.970722 1 
-11.592175 14.943822 1 
-11.592175 14.916916 1 
-11.592175 14.890003 1 
-11.592175 14.863084 1 
-11.592175 14.836158 1 
-11.592175 14.809225 1 
-11.592175 14.782285 1 
-11.592175 14.755339 1 
-11.592175 14.728386 1 
-11.592175 14.701426 1 
-11.592175 14.674459 1 
-11.592175 14.647486 1 
-11.592175 14.620507 1 
-11.592175 14.593520 1 
-11.592175 14.566528 1 
-11.592175 14.539528 1 
-11.592175 14.512522 1 
-11.592175 14.485509 1 
-11.592175 14.458490 1 
-11.592175 14.431464 1 
-11.592175 14.404432 1 
-11.592175 14.377393 1 
-11.592175 14.350347 1 
-11.592175 14.323295 1 
-11.592175 14.296236 1 
-11.592175 14.269171 1 
-11.592175 14.242100 1 
-11.592175 14.215022 1 
-11.592175 14.187937 1 
-11.592175 14.160846 1 
-11.592175 14.133748 1 
-11.592175 14.106644 1 
-11.592175 14.079534 1 
-11.592175 14.052417 1 
-11.592175 14.025294 1 
-11.592175 13.998164 1 
-11.592175 13.971028 1 
-11.592175 13.943886 1 
-11.592175 13.916737 1 
-11.592175 13.889581 1 
-11.592175 13.862420 1 
-11.592175 13.835252 1 
-11.592175 13.808077 1 
-11.592175 13.780897 1 
-11.592175 13.753710 1 
-11.592175 13.726516 1 
-11.592175 13.699317 1 
-11.592175 13.672111 1 
-11.592175 13.644899 1 
-11.592175 13.617680 1 
-11.592175 13.590455 1 
-11.592175 13.563224 1 
-11.592175 13.535987 1 
-11.592175 13.508744 1 
-11.592175 13.481494 1 
-11.592175 13.454238 1 
-11.592175 13.426976 1 
-11.592175 13.399708 1 
-11.592175 13.372433 1 
-11.592175 13.345152 1 
-11.592175 13.317865 1 
-11.592175 13.290572 1 
-11.592175 13.263273 1 
-11.592175 13.235968 1 
-11.592175 13.208657 1 
-11.592175 13.181339 1 
-11.592175 13.154015 1 
-11.592175 13.126686 1 
-11.592175 13.099350 1 
-11.592175 13.072008 1 
-11.592175 13.044660 1 
-11.592175 13.017306 1 
-11.592175 12.989946 1 
-11.592175 12.962580 1 
-11.592175 12.935208 1 
-11.592175 12.907830 1 
-11.592175 12.880446 1 
-11.592175 12.853056 1 
-11.592175 12.825660 1 
-11.592175 12.798258 1 
-11.592175 12.770850 1 
-11.592175 12.743436 1 
-11.592175 12.716016 1 
-11.592175 12.688590 1 
-11.592175 12.661159 1 
-11.592175 12.633721 1 
-11.592175 12.606278 1 
-11.592175 12.578828 1 
-11.592175 12.551373 1 
-11.592175 12.523912 1 
-11.592175 12.496445 1 
-11.592175 12.468972 1 
-11.592175 12.441494 1 
-11.592175 12.414009 1 
-11.592175 12.386519 1 
-11.592175 12.359023 1 
-11.592175 12.331521 1 
-11.592175 12.304014 1 
-11.592175 12.276501 1 
-11.592175 12.248981 1 
-11.592175 12.221457 1 
-11.592175 12.193926 1 
-11.592175 12.166390 1 
-11.592175 12.138848 1 
-11.592175 12.111300 1 
-11.592175 12.083747 1 
-11.592175 12.056188 1 
-11.592175 12.028623 1 
-11.592175 12.001053 1 
-11.592175 11.973477 1 
-11.592175 11.945895 1 
-11.592175 11.918308 1 
-11.592175 11.890715 1 
-11.592175 11.863117 1 
-11.592175 11.835513 1 
-11.592175 11.807903 1 
-11.592175 11.780288 1 
-11.592175 11.752667 1 
-11.592175 11.725041 1 
-11.592175 11.697409 1 
-11.592175 11.669772 1 
-11.592175 11.642129 1 
-11.592175 11.614481 1 
-11.592175 11.586827 1 
-11.592175 11.559168 1 
-11.592175 11.531503 1 
-11.592175 11.503833 1 
-11.592175 11.476157 1 
-11.592175 11.448476 1 
-11.592175 11.420790 1 
-11.592175 11.393098 1 
-11.592175 11.365400 1 
-11.592175 11.337698 1 
-11.592175 11.309990 1 
-11.592175 11.282276 1 
-11.592175 11.254558 1 
-11.592175 11.226834 1 
-11.592175 11.199104 1 
-11.592175 11.171369 1 
-11.592175 11.143629 1 
-11.592175 11.115884 1 
-11.592175 11.088133 1 
-11.592175 11.060378 1 
-11.592175 11.032616 1 
-11.592175 11.004850 1 
-11.592175 10.977078 1 
-11.592175 10.949302 1 
-11.592175 10.921520 1 
-11.592175 10.893732 1 
-11.592175 10.865940 1 
-11.592175 10.838142 1 
-11.592175 10.810340 1 
-11.592175 10.782532 1 
-11.592175 10.754719 1 
-11.592175 10.726900 1 
-11.592175 10.699077 1 
-11.592175 10.671249 1 
-11.592175 10.643415 1 
-11.592175 10.615577 1 
-11.592175 10.587733 1 
-11.592175 10.559884 1 
-11.592175 10.532030 1 
-11.592175 10.504172 1 
-11.592175 10.476308 1 
-11.592175 10.448439 1 
-11.592175 10.420565 1 
-11.592175 10.392686 1 
-11.592175 10.364802 1 
-11.592175 10.336914 1 
-11.592175 10.309020 1 
-11.592175 10.281121 1 
-11.592175 10.253218 1 
-11.592175 10.225309 1 
-11.592175 10.197396 1 
-11.592175 10.169477 1 
-11.592175 10.141554 1 
-11.592175 10.113626 1 
-11.592175 10.085693 1 
-11.592175 10.057755 1 
-11.592175 10.029813 1 
-11.592175 10.001865 1 
-11.592175 9.973913 1 
-11.592175 9.945956 1 
-11.592175 9.917994 1 
-11.592175 9.890028 1 
-11.592175 9.862056 1 
-11.592175 9.834080 1 
-11.592175 9.806100 1 
-11.592175 9.778114 1 
-11.592175 9.750124 1 
-11.592175 9.722129 1 
-11.592175 9.694129 1 
-11.592175 9.666125 1 
-11.592175 9.638116 1 
-11.592175 9.610102 1 
-11.592175 9.582084 1 
-11.592175 9.554061 1 
-11.592175 9.526033 1 
-11.592175 9.498001 1 
-11.592175 9.469965 1 
-11.592175 9.441923 1 
-11.592175 9.413877 1 
-11.592175 9.385827 1 
-11.592175 9.357772 1 
-11.592175 9.329713 1 
-11.592175 9.301649 1 
-11.592175 9.273580 1 
-11.592175 9.245507 1 
-11.592175 9.217430 1 
-11.592175 9.189348 1 
-11.592175 9.161261 1 
-11.592175 9.133170 1 
-11.592175 9.105075 1 
-11.592175 9.076975 1 
-11.592175 9.048871 1 
-11.592175 9.020763 1 
-11.592175 8.992650 1 
-11.592175 8.964533 1 
-11.592175 8.936411 1 
-11.592175 8.908285 1 
-11.592175 8.880155 1 
-11.592175 8.852021 1 
-11.592175 8.823882 1 
-11.592175 8.795739 1 
-11.592175 8.767591 1 
-11.592175 8.739439 1 
-11.592175 8.711283 1 
-11.592175 8.683123 1 
-11.592175 8.654959 1 
-11.592175 8.626790 1 
-11.592175 8.598617 1 
-11.592175 8.570440 1 
0.000000 0.000000 0 
-11.592175 8.570440 1 
-11.563941 8.571293 1 
-11.535701 8.572143 1 
-11.507456 8.572992 1 
-11.479205 8.573839 1 
-11.450948 8.574684 1 
-11.422685 8.575527 1 
-11.394417 8.576368 1 
-11.366143 8.577207 1 
-11.337864 8.578044 1 
-11.309579 8.578880 1 
-11.281288 8.579713 1 
-11.252992 8.580545 1 
-11.224690 8.581375 1 
-11.196383 8.582202 1 
-11.168070 8.583028 1 
-11.139752 8.583852 1 
-11.111428 8.584674 1 
-11.083099 8.585495 1 
-11.054764 8.586313 1 
-11.026424 8.587129 1 
-10.998078 8.587944 1 
-10.969727 8.588756 1 
-10.941370 8.589567 1 
-10.913008 8.590375 1 
-10.884640 8.591182 1 
-10.856268 8.591987 1 
-10.827889 8.592790 1 
-10.799506 8.593591 1 
-10.771117 8.594390 1 
-10.742722 8.595187 1 
-10.714322 8.595982 1 
-10.685917 8.596775 1 
-10.657507 8.597567 1 
-10.629091 8.598356 1 
-10.600670 8.599144 1 
-10.572244 8.599929 1 
-10.543813 8.600713 1 
-10.515376 8.601494 1 
-10.486934 8.602274 1 
-10.458487 8.603052 1 
-10.430034 8.603827 1 
-10.401577 8.604601 1 
-10.373114 8.605373 1 
-10.344646 8.606143 1 
-10.316172 8.606911 1 
-10.287694 8.607677 1 
-10.259211 8.608441 1 
-10.230722 8.609203 1 
-10.202228 8.609963 1 
-10.173730 8.610721 1 
-10.145226 8.611477 1 
-10.116717 8.612231 1 
-10.088203 8.612984 1 
-10.059683 8.613734 1 
-10.031159 8.614482 1 
-10.002630 8.615229 1 
-9.974096 8.615973 1 
-9.945557 8.616715 1 
-9.917013 8.617456 1 
-9.888464 8.618194 1 
-9.859909 8.618930 1 
-9.831350 8.619665 1 
-9.802786 8.620397 1 
-9.774218 8.621128 1 
-9.745644 8.621856 1 
-9.717065 8.622583 1 
-9.688482 8.623307 1 
-9.659893 8.624030 1 
-9.631300 8.624750 1 
-9.602702 8.625469 1 
-9.574099 8.626185 1 
-9.545491 8.626900 1 
-9.516878 8.627612 1 
-9.488261 8.628322 1 
-9.459639 8.629031 1 
-9.431012 8.629737 1 
-9.402380 8.630442 1 
-9.373744 8.631144 1 
-9.345102 8.631845 1 
-9.316457 8.632543 1 
-9.287806 8.633240 1 
-9.259151 8.633934 1 
-9.230491 8.634626 1 
-9.201826 8.635317 1 
-9.173157 8.636005 1 
-9.144483 8.636692 1 
-9.115805 8.637376 1 
-9.087122 8.638058 1 
-9.058434 8.638738 1 
-9.029742 8.639417 1 
-9.001045 8.640093 1 
-8.972343 8.640767 1 
-8.943637 8.641439 1 
-8.914927 8.642109 1 
-8.886212 8.642777 1 
-8.857493 8.643443 1 
-8.828769 8.644107 1 
-8.800040 8.644769 1 
-8.771307 8.645429 1 
-8.742570 8.646087 1 
-8.713828 8.646743 1 
-8.685082 8.647397 1 
-8.656331 8.648048 1 
-8.627576 8.648698 1 
-8.598817 8.649346 1 
-8.570053 8.649991 1 
-8.541285 8.650635 1 
-8.512513 8.651276 1 
-8.483736 8.651916 1 
-8.454955 8.652553 1 
-8.426169 8.653189 1 
-8.397380 8.653822 1 
-8.368586 8.654453 1 
-8.339788 8.655082 1 
-8.310985 8.655709 1 
-8.282178 8.656334 1 
-8.253368 8.656957 1 
-8.224553 8.657578 1 
-8.195733 8.658197 1 
-8.166910 8.658814 1 
-8.138082 8.659428 1 
-8.109250 8.660041 1 
-8.080414 8.660651 1 
-8.051574 8.661260 1 
-8.022730 8.661866 1 
-7.993882 8.662470 1 
-7.965030 8.663073 1 
-7.936173 8.663673 1 
-7.907313 8.664271 1 
-7.878449 8.664867 1 
-7.849580 8.665461 1 
-7.820708 8.666053 1 
-7.791831 8.666642 1 
-7.762951 8.667230 1 
-7.734066 8.667815 1 
-7.705178 8.668399 1 
-7.676285 8.668980 1 
-7.647389 8.669559 1 
-7.618489 8.670137 1 
-7.589585 8.670712 1 
-7.560677 8.671285 1 
-7.531765 8.671855 1 
-7.502849 8.672424 1 
-7.473930 8.672991 1 
-7.445006 8.673555 1 
-7.416079 8.674118 1 
-7.387148 8.674678 1 
-7.358213 8.675236 1 
-7.329275 8.675792 1 
-7.300333 8.676347 1 
-7.271386 8.676898 1 
-7.242437 8.677448 1 
-7.213483 8.677996 1 
-7.184526 8.678541 1 
-7.155565 8.679085 1 
-7.126600 8.679626 1 
-7.097632 8.680165 1 
-7.068660 8.680703 1 
-7.039685 8.681238 1 
-7.010706 8.681770 1 
-6.981723 8.682301 1 
-6.952737 8.682830 1 
-6.923747 8.683356 1 
-6.894753 8.683881 1 
-6.865756 8.684403 1 
-6.836756 8.684923 1 
-6.807751 8.685441 1 
-6.778744 8.685957 1 
-6.749733 8.686470 1 
-6.720718 8.686982 1 
-6.691700 8.687491 1 
-6.662679 8.687999 1 
-6.633654 8.688504 1 
-6.604625 8.689007 1 
-6.575594 8.689508 1 
-6.546559 8.690007 1 
-6.517520 8.690503 1 
-6.488478 8.690998 1 
-6.459433 8.691490 1 
-6.430384 8.691980 1 
-6.401333 8.692468 1 
-6.372277 8.692954 1 
-6.343219 8.693438 1 
-6.314157 8.693919 1 
-6.285092 8.694399 1 
-6.256024 8.694876 1 
-6.226952 8.695351 1 
-6.197878 8.695824 1 
-6.168800 8.696295 1 
-6.139719 8.696764 1 
-6.110634 8.697230 1 
-6.081547 8.697695 1 
-6.052456 8.698157 1 
-6.023363 8.698617 1 
-5.994266 8.699075 1 
-5.965166 8.699531 1 
-5.936063 8.699984 1 
-5.906957 8.700435 1 
-5.877847 8.700885 1 
-5.848735 8.701332 1 
-5.819620 8.701777 1 
-5.790502 8.702219 1 
-5.761380 8.702660 1 
-5.732256 8.703098 1 
-5.703129 8.703535 1 
-5.673999 8.703969 1 
-5.644866 8.704400 1 
-5.615730 8.704830 1 
-5.586591 8.705258 1 
-5.557449 8.705683 1 
-5.528304 8.706106 1 
-5.499156 8.706527 1 
-5.470006 8.706946 1 
-5.440853 8.707363 1 
-5.411697 8.707777 1 
-5.382538 8.708189 1 
-5.353376 8.708599 1 
-5.324211 8.709007 1 
-5.295044 8.709413 1 
-5.265874 8.709817 1 
-5.236701 8.710218 1 
-5.207526 8.710617 1 
-5.178347 8.711014 1 
-5.149166 8.711409 1 
-5.119983 8.711802 1 
-5.090797 8.712192 1 
-5.061608 8.712580 1 
-5.032416 8.712966 1 
-5.003222 8.713350 1 
-4.974025 8.713732 1 
-4.944826 8.714111 1 
-4.915624 8.714488 1 
-4.886419 8.714863 1 
-4.857212 8.715236 1 
-4.828003 8.715607 1 
-4.798791 8.715975 1 
-4.769576 8.716342 1 
-4.740359 8.716706 1 
-4.711140 8.717067 1 
-4.681918 8.717427 1 
-4.652693 8.717785 1 
-4.623466 8.718140 1 
-4.594237 8.718493 1 
-4.565005 8.718844 1 
-4.535771 8.719192 1 
-4.506535 8.719539 1 
-4.477296 8.719883 1 
-4.448055 8.720225 1 
-4.418812 8.720565 1 
-4.389566 8.720902 1 
-4.360318 8.721238 1 
-4.331067 8.721571 1 
-4.301815 8.721902 1 
-4.272560 8.722230 1 
-4.243303 8.722557 1 
-4.214044 8.722881 1 
-4.184782 8.723203 1 
-4.155519 8.723523 1 
-4.126253 8.723841 1 
-4.096985 8.724156 1 
-4.067715 8.724469 1 
-4.038442 8.724780 1 
-4.009168 8.725089 1 
-3.979892 8.725396 1 
-3.950613 8.725700 1 
-3.921332 8.726002 1 
-3.892050 8.726302 1 
-3.862765 8.726600 1 
-3.833478 8.726895 1 
-3.804190 8.727188 1 
-3.774899 8.727479 1 
-3.745606 8.727768 1 
-3.716312 8.728054 1 
-3.687015 8.728339 1 
-3.657716 8.728621 1 
-3.628416 8.728901 1 
-3.599114 8.729178 1 
-3.569809 8.729454 1 
-3.540503 8.729727 1 
-3.511195 8.729998 1 
-3.481886 8.730266 1 
-3.452574 8.730533 1 
-3.423261 8.730797 1 
-3.393945 8.731059 1 
-3.364628 8.731319 1 
-3.335310 8.731576 1 
-3.305989 8.731831 1 
-3.276667 8.732084 1 
-3.247343 8.732335 1 
-3.218017 8.732584 1 
-3.188690 8.732830 1 
-3.159361 8.733074 1 
-3.130030 8.733316 1 
-3.100698 8.733556 1 
-3.071364 8.733793 1 
-3.042028 8.734028 1 
-3.012691 8.734261 1 
-2.983352 8.734492 1 
-2.954012 8.734720 1 
-2.924670 8.734946 1 
-2.895327 8.735170 1 
-2.865982 8.735392 1 
-2.836635 8.735611 1 
-2.807287 8.735828 1 
-2.777938 8.736043 1 
-2.748587 8.736256 1 
-2.719235 8.736466 1 
-2.689881 8.736674 1 
-2.660526 8.736880 1 
-2.631169 8.737084 1 
-2.601812 8.737285 1 
-2.572452 8.737485 1 
-2.543092 8.737681 1 
-2.513730 8.737876 1 
-2.484366 8.738069 1 
-2.455002 8.738259 1 
-2.425636 8.738447 1 
-2.396269 8.738632 1 
-2.366900 8.738816 1 
-2.337531 8.738997 1 
-2.308160 8.739176 1 
-2.278788 8.739352 1 
-2.249414 8.739527 1 
-2.220040 8.739699 1 
-2.190664 8.739869 1 
-2.161287 8.740037 1 
-2.131909 8.740202 1 
-2.102530 8.740365 1 
-2.073150 8.740526 1 
-2.043769 8.740685 1 
-2.014387 8.740841 1 
-1.985003 8.740995 1 
-1.955619 8.741147 1 
-1.926233 8.741296 1 
-1.896847 8.741444 1 
-1.867459 8.741589 1 
-1.838071 8.741732 1 
-1.808681 8.741872 1 
-1.779291 8.742010 1 
-1.749900 8.742146 1 
-1.720507 8.742280 1 
-1.691114 8.742412 1 
-1.661720 8.742541 1 
-1.632325 8.742668 1 
-1.602929 8.742793 1 
-1.573533 8.742915 1 
-1.544135 8.743035 1 
-1.514737 8.743153 1 
-1.485338 8.743269 1 
-1.455938 8.743382 1 
-1.426538 8.743493 1 
-1.397136 8.743602 1 
-1.367734 8.743709 1 
-1.338331 8.743813 1 
-1.308928 8.743915 1 
-1.279524 8.744015 1 
-1.250119 8.744113 1 
-1.220713 8.744208 1 
-1.191307 8.744301 1 
-1.161900 8.744392 1 
-1.132493 8.744480 1 
-1.103085 8.744566 1 
-1.073676 8.744650 1 
-1.044267 8.744732 1 
-1.014857 8.744812 1 
-0.985447 8.744889 1 
-0.956036 8.744964 1 
-0.926625 8.745036 1 
-0.897213 8.745107 1 
-0.867801 8.745175 1 
-0.838388 8.745240 1 
-0.808975 8.745304 1 
-0.779561 8.745365 1 
-0.750147 8.745424 1 
-0.720733 8.745481 1 
-0.691318 8.745535 1 
-0.661903 8.745588 1 
-0.632488 8.745638 1 
-0.603072 8.745685 1 
-0.573656 8.745731 1 
-0.544239 8.745774 1 
-0.514823 8.745815 1 
-0.485406 8.745853 1 
-0.455988 8.745890 1 
-0.426571 8.745924 1 
-0.397153 8.745955 1 
-0.367735 8.745985 1 
-0.338317 8.746012 1 
-0.308899 8.746037 1 
-0.279480 8.746060 1 
-0.250062 8.746080 1 
-0.220643 8.746098 1 
-0.191224 8.746114 1 
-0.161805 8.746128 1 
-0.132386 8.746139 1 
-0.102967 8.746148 1 
-0.073548 8.746155 1 
-0.044129 8.746160 1 
-0.014710 8.746162 1 
0.014710 8.746162 1 
0.044129 8.746160 1 
0.073548 8.746155 1 
0.102967 8.746148 1 
0.132386 8.746139 1 
0.161805 8.746128 1 
0.191224 8.746114 1 
0.220643 8.746098 1 
0.250062 8.746080 1 
0.279480 8.746060 1 
0.308899 8.746037 1 
0.338317 8.746012 1 
0.367735 8.745985 1 
0.397153 8.745955 1 
0.426571 8.745924 1 
0.455988 8.745890 1 
0.485406 8.745853 1 
0.514823 8.745815 1 
0.544239 8.745774 1 
0.573656 8.745731 1 
0.603072 8.745685 1 
0.632488 8.745638 1 
0.661903 8.745588 1 
0.691318 8.745535 1 
0.720733 8.745481 1 
0.750147 8.745424 1 
0.779561 8.745365 1 
0.808975 8.745304 1 
0.838388 8.745240 1 
0.867801 8.745175 1 
0.897213 8.745107 1 
0.926625 8.745036 1 
0.956036 8.744964 1 
0.985447 8.744889 1 
1.014857 8.744812 1 
1.044267 8.744732 1 
1.073676 8.744650 1 
1.103085 8.744566 1 
1.132493 8.744480 1 
1.161900 8.744392 1 
1.191307 8.744301 1 
1.220713 8.744208 1 
1.250119 8.744113 1 
1.279524 8.744015 1 
1.308928 8.743915 1 
1.338331 8.743813 1 
1.367734 8.743709 1 
1.397136 8.743602 1 
1.426538 8.743493 1 
1.455938 8.743382 1 
1.485338 8.743269 1 
1.514737 8.743153 1 
1.544135 8.743035 1 
1.573533 8.742915 1 
1.602929 8.742793 1 
1.632325 8.742668 1 
1.661720 8.742541 1 
1.691114 8.742412 1 
1.720507 8.742280 1 
1.749900 8.742146 1 
1.779291 8.742010 1 
1.808681 8.741872 1 
1.838071 8.741732 1 
1.867459 8.741589 1 
1.896847 8.741444 1 
1.926233 8.741296 1 
1.955619 8.741147 1 
1.985003 8.740995 1 
2.014387 8.740841 1 
2.043769 8.740685 1 
2.073150 8.740526 1 
2.102530 8.740365 1 
2.131909 8.740202 1 
2.161287 8.740037 1 
2.190664 8.739869 1 
2.220040 8.739699 1 
2.249414 8.739527 1 
2.278788 8.739352 1 
2.308160 8.739176 1 
2.337531 8.738997 1 
2.366900 8.738816 1 
2.396269 8.738632 1 
2.425636 8.738447 1 
2.455002 8.738259 1 
2.484366 8.738069 1 
2.513730 8.737876 1 
2.543092 8.737681 1 
2.572452 8.737485 1 
2.601812 8.737285 1 
2.631169 8.737084 1 
2.660526 8.736880 1 
2.689881 8.736674 1 
2.719235 8.736466 1 
2.748587 8.736256 1 
2.777938 8.736043 1 
2.807287 8.735828 1 
2.836635 8.735611 1 
2.865982 8.735392 1 
2.895327 8.735170 1 
2.924670 8.734946 1 
2.954012 8.734720 1 
2.983352 8.734492 1 
3.012691 8.734261 1 
3.042028 8.734028 1 
3.071364 8.733793 1 
3.100698 8.733556 1 
3.130030 8.733316 1 
3.159361 8.733074 1 
3.188690 8.732830 1 
3.218017 8.732584 1 
3.247343 8.732335 1 
3.276667 8.732084 1 
3.305989 8.731831 1 
3.335310 8.731576 1 
3.364628 8.731319 1 
3.393945 8.731059 1 
3.423261 8.730797 1 
3.452574 8.730533 1 
3.481886 8.730266 1 
3.511195 8.729998 1 
3.540503 8.729727 1 
3.569809 8.729454 1 
3.599114 8.729178 1 
3.628416 8.728901 1 
3.657716 8.728621 1 
3.687015 8.728339 1 
3.716312 8.728054 1 
3.745606 8.727768 1 
3.774899 8.727479 1 
3.804190 8.727188 1 
3.833478 8.726895 1 
3.862765 8.726600 1 
3.892050 8.726302 1 
3.921332 8.726002 1 
3.950613 8.725700 1 
3.979892 8.725396 1 
4.009168 8.725089 1 
4.038442 8.724780 1 
4.067715 8.724469 1 
4.096985 8.724156 1 
4.126253 8.723841 1 
4.155519 8.723523 1 
4.184782 8.723203 1 
4.214044 8.722881 1 
4.243303 8.722557 1 
4.272560 8.722230 1 
4.301815 8.721902 1 
4.331067 8.721571 1 
4.360318 8.721238 1 
4.389566 8.720902 1 
4.418812 8.720565 1 
4.448055 8.720225 1 
4.477296 8.719883 1 
4.506535 8.719539 1 
4.535771 8.719192 1 
4.565005 8.718844 1 
4.594237 8.718493 1 
4.623466 8.718140 1 
4.652693 8.717785 1 
4.681918 8.717427 1 
4.711140 8.717067 1 
4.740359 8.716706 1 
4.769576 8.716342 1 
4.798791 8.715975 1 
4.828003 8.715607 1 
4.857212 8.715236 1 
4.886419 8.714863 1 
4.915624 8.714488 1 
4.944826 8.714111 1 
4.974025 8.713732 1 
5.003222 8.713350 1 
5.032416 8.712966 1 
5.061608 8.712580 1 
5.090797 8.712192 1 
5.119983 8.711802 1 
5.149166 8.711409 1 
5.178347 8.711014 1 
5.207526 8.710617 1 
5.236701 8.710218 1 
5.265874 8.709817 1 
5.295044 8.709413 1 
5.324211 8.709007 1 
5.353376 8.708599 1 
5.382538 8.708189 1 
5.411697 8.707777 1 
5.440853 8.707363 1 
5.470006 8.706946 1 
5.499156 8.706527 1 
5.528304 8.706106 1 
5.557449 8.705683 1 
5.586591 8.705258 1 
5.615730 8.704830 1 
5.644866 8.704400 1 
5.673999 8.703969 1 
5.703129 8.703535 1 
5.732256 8.703098 1 
5.761380 8.702660 1 
5.790502 8.702219 1 
5.819620 8.701777 1 
5.848735 8.701332 1 
5.877847 8.700885 1 
5.906957 8.700435 1 
5.936063 8.699984 1 
5.965166 8.699531 1 
5.994266 8.699075 1 
6.023363 8.698617 1 
6.052456 8.698157 1 
6.081547 8.697695 1 
6.110634 8.697230 1 
6.139719 8.696764 1 
6.168800 8.696295 1 
6.197878 8.695824 1 
6.226952 8.695351 1 
6.256024 8.694876 1 
6.285092 8.694399 1 
6.314157 8.693919 1 
6.343219 8.693438 1 
6.372277 8.692954 1 
6.401333 8.692468 1 
6.430384 8.691980 1 
6.459433 8.691490 1 
6.488478 8.690998 1 
6.517520 8.690503 1 
6.546559 8.690007 1 
6.575594 8.689508 1 
6.604625 8.689007 1 
6.633654 8.688504 1 
6.662679 8.687999 1 
6.691700 8.687491 1 
6.720718 8.686982 1 
6.749733 8.686470 1 
6.778744 8.685957 1 
6.807751 8.685441 1 
6.836756 8.684923 1 
6.865756 8.684403 1 
6.894753 8.683881 1 
6.923747 8.683356 1 
6.952737 8.682830 1 
6.981723 8.682301 1 
7.010706 8.681770 1 
7.039685 8.681238 1 
7.068660 8.680703 1 
7.097632 8.680165 1 
7.126600 8.679626 1 
7.155565 8.679085 1 
7.184526 8.678541 1 
7.213483 8.677996 1 
7.242437 8.677448 1 
7.271386 8.676898 1 
7.300333 8.676347 1 
7.329275 8.675792 1 
7.358213 8.675236 1 
7.387148 8.674678 1 
7.416079 8.674118 1 
7.445006 8.673555 1 
7.473930 8.672991 1 
7.502849 8.672424 1 
7.531765 8.671855 1 
7.560677 8.671285 1 
7.589585 8.670712 1 
7.618489 8.670137 1 
7.647389 8.669559 1 
7.676285 8.668980 1 
7.705178 8.668399 1 
7.734066 8.667815 1 
7.762951 8.667230 1 
7.791831 8.666642 1 
7.820708 8.666053 1 
7.849580 8.665461 1 
7.878449 8.664867 1 
7.907313 8.664271 1 
7.936173 8.663673 1 
7.965030 8.663073 1 
7.993882 8.662470 1 
8.022730 8.661866 1 
8.051574 8.661260 1 
8.080414 8.660651 1 
8.109250 8.660041 1 
8.138082 8.659428 1 
8.166910 8.658814 1 
8.195733 8.658197 1 
8.224553 8.657578 1 
8.253368 8.656957 1 
8.282178 8.656334 1 
8.310985 8.655709 1 
8.339788 8.655082 1 
8.368586 8.654453 1 
8.397380 8.653822 1 
8.426169 8.653189 1 
8.454955 8.652553 1 
8.483736 8.651916 1 
8.512513 8.651276 1 
8.541285 8.650635 1 
8.570053 8.649991 1 
8.598817 8.649346 1 
8.627576 8.648698 1 
8.656331 8.648048 1 
8.685082 8.647397 1 
8.713828 8.646743 1 
8.742570 8.646087 1 
8.771307 8.645429 1 
8.800040 8.644769 1 
8.828769 8.644107 1 
8.857493 8.643443 1 
8.886212 8.642777 1 
8.914927 8.642109 1 
8.943637 8.641439 1 
8.972343 8.640767 1 
9.001045 8.640093 1 
9.029742 8.639417 1 
9.058434 8.638738 1 
9.087122 8.638058 1 
9.115805 8.637376 1 
9.144483 8.636692 1 
9.173157 8.636005 1 
9.201826 8.635317 1 
9.230491 8.634626 1 
9.259151 8.633934 1 
9.287806 8.633240 1 
9.316457 8.632543 1 
9.345102 8.631845 1 
9.373744 8.631144 1 
9.402380 8.630442 1 
9.431012 8.629737 1 
9.459639 8.629031 1 
9.488261 8.628322 1 
9.516878 8.627612 1 
9.545491 8.626900 1 
9.574099 8.626185 1 
9.602702 8.625469 1 
9.631300 8.624750 1 
9.659893 8.624030 1 
9.688482 8.623307 1 
9.717065 8.622583 1 
9.745644 8.621856 1 
9.774218 8.621128 1 
9.802786 8.620397 1 
9.831350 8.619665 1 
9.859909 8.618930 1 
9.888464 8.618194 1 
9.917013 8.617456 1 
9.945557 8.616715 1 
9.974096 8.615973 1 
10.002630 8.615229 1 
10.031159 8.614482 1 
10.059683 8.613734 1 
10.088203 8.612984 1 
10.116717 8.612231 1 
10.145226 8.611477 1 
10.173730 8.610721 1 
10.202228 8.609963 1 
10.230722 8.609203 1 
10.259211 8.608441 1 
10.287694 8.607677 1 
10.316172 8.606911 1 
10.344646 8.606143 1 
10.373114 8.605373 1 
10.401577 8.604601 1 
10.430034 8.603827 1 
10.458487 8.603052 1 
10.486934 8.602274 1 
10.515376 8.601494 1 
10.543813 8.600713 1 
10.572244 8.599929 1 
10.600670 8.599144 1 
10.629091 8.598356 1 
10.657507 8.597567 1 
10.685917 8.596775 1 
10.714322 8.595982 1 
10.742722 8.595187 1 
10.771117 8.594390 1 
10.799506 8.593591 1 
10.827889 8.592790 1 
10.856268 8.591987 1 
10.884640 8.591182 1 
10.913008 8.590375 1 
10.941370 8.589567 1 
10.969727 8.588756 1 
10.998078 8.587944 1 
11.026424 8.587129 1 
11.054764 8.586313 1 
11.083099 8.585495 1 
11.111428 8.584674 1 
11.139752 8.583852 1 
11.168070 8.583028 1 
11.196383 8.582202 1 
11.224690 8.581375 1 
11.252992 8.580545 1 
11.281288 8.579713 1 
11.309579 8.578880 1 
11.337864 8.578044 1 
11.366143 8.577207 1 
11.394417 8.576368 1 
11.422685 8.575527 1 
11.450948 8.574684 1 
11.479205 8.573839 1 
11.507456 8.572992 1 
11.535701 8.572143 1 
11.563941 8.571293 1 
11.592175 8.570440 1 
0.000000 0.000000 0 
0.000000 27.149682 1 
0.058857 27.149514 1 
0.117711 27.149010 1 
0.176559 27.148171 1 
0.235399 27.146996 1 
0.294229 27.145486 1 
0.353044 27.143640 1 
0.411843 27.141458 1 
0.470623 27.138941 1 
0.529381 27.136089 1 
0.588114 27.132902 1 
0.646820 27.129380 1 
0.705495 27.125523 1 
0.764138 27.121331 1 
0.822745 27.116805 1 
0.881313 27.111944 1 
0.939840 27.106749 1 
0.998324 27.101221 1 
1.056761 27.095359 1 
1.115148 27.089163 1 
1.173484 27.082635 1 
1.231765 27.075773 1 
1.289988 27.068579 1 
1.348152 27.061053 1 
1.406252 27.053195 1 
1.464287 27.045005 1 
1.522253 27.036484 1 
1.580149 27.027632 1 
1.637971 27.018450 1 
1.695717 27.008937 1 
1.753383 26.999095 1 
1.810968 26.988924 1 
1.868469 26.978424 1 
1.925883 26.967595 1 
1.983207 26.956438 1 
2.040438 26.944955 1 
2.097575 26.933144 1 
2.154614 26.921006 1 
2.211553 26.908543 1 
2.268389 26.895754 1 
2.325120 26.882641 1 
2.381742 26.869203 1 
2.438254 26.855442 1 
2.494652 26.841357 1 
2.550935 26.826950 1 
2.607099 26.812221 1 
2.663142 26.797171 1 
2.719061 26.781800 1 
2.774854 26.766109 1 
2.830518 26.750099 1 
2.886051 26.733770 1 
2.941450 26.717123 1 
2.996713 26.700159 1 
3.051837 26.682879 1 
3.106819 26.665283 1 
3.161658 26.647372 1 
3.216349 26.629146 1 
3.270892 26.610607 1 
3.325284 26.591756 1 
3.379522 26.572592 1 
3.433603 26.553118 1 
3.487525 26.533333 1 
3.541286 26.513239 1 
3.594884 26.492836 1 
3.648315 26.472126 1 
3.701578 26.451109 1 
3.754670 26.429786 1 
3.807588 26.408157 1 
3.860331 26.386225 1 
3.912895 26.363990 1 
3.965280 26.341453 1 
4.017481 26.318614 1 
4.069497 26.295475 1 
4.121325 26.272037 1 
4.172964 26.248300 1 
4.224411 26.224266 1 
4.275663 26.199936 1 
4.326718 26.175311 1 
4.377574 26.150391 1 
4.428230 26.125179 1 
4.478681 26.099674 1 
4.528927 26.073878 1 
4.578964 26.047793 1 
4.628792 26.021418 1 
4.678407 25.994756 1 
4.727807 25.967807 1 
4.776990 25.940573 1 
4.825955 25.913055 1 
4.874698 25.885253 1 
4.923218 25.857170 1 
4.971513 25.828806 1 
5.019579 25.800162 1 
5.067417 25.771240 1 
5.115022 25.742041 1 
5.162393 25.712566 1 
5.209529 25.682816 1 
5.256426 25.652793 1 
5.303084 25.622497 1 
5.349499 25.591931 1 
5.395670 25.561096 1 
5.441596 25.529992 1 
5.487273 25.498621 1 
5.532699 25.466984 1 
5.577874 25.435083 1 
5.622795 25.402920 1 
5.667460 25.370494 1 
5.711867 25.337808 1 
5.756014 25.304864 1 
5.799899 25.271662 1 
5.843521 25.238204 1 
5.886877 25.204491 1 
5.929966 25.170525 1 
5.972785 25.136307 1 
6.015334 25.101838 1 
6.057610 25.067121 1 
6.099611 25.032156 1 
6.141336 24.996945 1 
6.182783 24.961490 1 
6.223949 24.925791 1 
6.264834 24.889851 1 
6.305435 24.853671 1 
6.345752 24.817252 1 
6.385781 24.780596 1 
6.425522 24.743705 1 
6.464973 24.706579 1 
6.504131 24.669222 1 
6.542996 24.631633 1 
6.581566 24.593815 1 
6.619839 24.555770 1 
6.657814 24.517498 1 
6.695489 24.479002 1 
6.732862 24.440283 1 
6.769932 24.401343 1 
6.806697 24.362183 1 
6.843157 24.322805 1 
6.879308 24.283211 1 
6.915150 24.243402 1 
6.950682 24.203380 1 
6.985901 24.163147 1 
7.020807 24.122704 1 
7.055397 24.082053 1 
7.089671 24.041195 1 
7.123627 24.000133 1 
7.157264 23.958869 1 
7.190580 23.917403 1 
7.223574 23.875737 1 
7.256245 23.833874 1 
7.288591 23.791815 1 
7.320611 23.749562 1 
7.352303 23.707117 1 
7.383667 23.664481 1 
7.414700 23.621656 1 
7.445403 23.578643 1 
7.475773 23.535446 1 
7.505809 23.492065 1 
7.535511 23.448503 1 
7.564876 23.404760 1 
7.593904 23.360840 1 
7.622593 23.316744 1 
7.650943 23.272473 1 
7.678952 23.228030 1 
7.706619 23.183416 1 
7.733943 23.138633 1 
7.760923 23.093683 1 
7.787558 23.048569 1 
7.813847 23.003291 1 
7.839788 22.957852 1 
7.865380 22.912254 1 
7.890624 22.866498 1 
7.915517 22.820586 1 
7.940058 22.774522 1 
7.964247 22.728305 1 
7.988083 22.681939 1 
8.011565 22.635424 1 
8.034691 22.588764 1 
8.057461 22.541961 1 
8.079874 22.495015 1 
8.101930 22.447929 1 
8.123626 22.400705 1 
8.144963 22.353345 1 
8.165939 22.305851 1 
8.186554 22.258225 1 
8.206807 22.210469 1 
8.226697 22.162585 1 
8.246223 22.114575 1 
8.265384 22.066441 1 
8.284181 22.018184 1 
8.302611 21.969808 1 
8.320675 21.921314 1 
8.338371 21.872704 1 
8.355700 21.823980 1 
8.372659 21.775144 1 
8.389249 21.726198 1 
8.405469 21.677145 1 
8.421318 21.627986 1 
8.436796 21.578723 1 
8.451902 21.529359 1 
8.466635 21.479896 1 
8.480996 21.430335 1 
8.494982 21.380678 1 
8.508595 21.330929 1 
8.521832 21.281089 1 
8.534695 21.231159 1 
8.547181 21.181143 1 
8.559292 21.131042 1 
8.571026 21.080858 1 
8.582382 21.030594 1 
8.593361 20.980252 1 
8.603962 20.929833 1 
8.614185 20.879340 1 
8.624028 20.828775 1 
8.633493 20.778140 1 
8.642578 20.727438 1 
8.651283 20.676670 1 
8.659608 20.625839 1 
8.667552 20.574947 1 
8.675115 20.523995 1 
8.682297 20.472987 1 
8.689098 20.421924 1 
8.695517 20.370808 1 
8.701554 20.319642 1 
8.707209 20.268428 1 
8.712481 20.217168 1 
8.717371 20.165865 1 
8.721878 20.114519 1 
8.726002 20.063134 1 
8.729743 20.011713 1 
8.733100 19.960256 1 
8.736074 19.908766 1 
8.738665 19.857246 1 
8.740872 19.805697 1 
8.742695 19.754122 1 
8.744135 19.702524 1 
8.745191 19.650903 1 
8.745862 19.599264 1 
8.746150 19.547607 1 
8.746054 19.495935 1 
8.745574 19.444250 1 
8.744711 19.392554 1 
8.743463 19.340851 1 
8.741832 19.289141 1 
8.739816 19.237428 1 
8.737418 19.185712 1 
8.734635 19.133998 1 
8.731469 19.082286 1 
8.727920 19.030580 1 
8.723988 18.978881 1 
8.719672 18.927192 1 
8.714974 18.875515 1 
8.709893 18.823851 1 
8.704429 18.772205 1 
8.698583 18.720577 1 
8.692355 18.668970 1 
8.685745 18.617386 1 
8.678754 18.565827 1 
8.671381 18.514297 1 
8.663627 18.462796 1 
8.655493 18.411328 1 
8.646978 18.359894 1 
8.638083 18.308497 1 
8.628808 18.257140 1 
8.619154 18.205823 1 
8.609121 18.154550 1 
8.598709 18.103323 1 
8.587919 18.052145 1 
8.576751 18.001016 1 
8.565206 17.949941 1 
8.553284 17.898920 1 
8.540985 17.847957 1 
8.528310 17.797053 1 
8.515260 17.746211 1 
8.501835 17.695434 1 
8.488036 17.644722 1 
8.473862 17.594079 1 
8.459315 17.543507 1 
8.444396 17.493009 1 
8.429104 17.442585 1 
8.413440 17.392240 1 
8.397405 17.341974 1 
8.381000 17.291791 1 
8.364225 17.241692 1 
8.347082 17.191680 1 
8.329569 17.141757 1 
8.311689 17.091925 1 
8.293442 17.042187 1 
8.274828 16.992545 1 
8.255849 16.943000 1 
8.236505 16.893557 1 
8.216797 16.844215 1 
8.196726 16.794979 1 
8.176292 16.745850 1 
8.155496 16.696830 1 
8.134339 16.647921 1 
8.112823 16.599127 1 
8.090947 16.550448 1 
8.068712 16.501888 1 
8.046121 16.453449 1 
8.023172 16.405132 1 
7.999868 16.356941 1 
7.976209 16.308876 1 
7.952197 16.260941 1 
7.927831 16.213138 1 
7.903114 16.165469 1 
7.878046 16.117936 1 
7.852628 16.070541 1 
7.826861 16.023287 1 
7.800746 15.976176 1 
7.774284 15.929209 1 
7.747477 15.882390 1 
7.720324 15.835720 1 
7.692829 15.789202 1 
7.664990 15.742838 1 
7.636811 15.696629 1 
7.608291 15.650579 1 
7.579432 15.604688 1 
7.550235 15.558961 1 
7.520702 15.513398 1 
7.490833 15.468001 1 
7.460630 15.422774 1 
7.430093 15.377718 1 
7.399225 15.332834 1 
7.368026 15.288127 1 
7.336498 15.243596 1 
7.304642 15.199246 1 
7.272459 15.155077 1 
7.239950 15.111092 1 
7.207118 15.067293 1 
7.173962 15.023682 1 
7.140486 14.980261 1 
7.106689 14.937032 1 
7.072574 14.893998 1 
7.038141 14.851160 1 
7.003393 14.808521 1 
6.968330 14.766082 1 
6.932955 14.723845 1 
6.897268 14.681814 1 
6.861271 14.639989 1 
6.824965 14.598373 1 
6.788353 14.556967 1 
6.751435 14.515775 1 
6.714213 14.474797 1 
6.676689 14.434036 1 
6.638864 14.393493 1 
6.600740 14.353172 1 
6.562318 14.313073 1 
6.523601 14.273199 1 
6.484588 14.233552 1 
6.445284 14.194133 1 
6.405688 14.154945 1 
6.365802 14.115989 1 
6.325629 14.077268 1 
6.285170 14.038784 1 
6.244427 14.000537 1 
6.203401 13.962531 1 
6.162094 13.924767 1 
6.120508 13.887247 1 
6.078645 13.849972 1 
6.036506 13.812946 1 
5.994094 13.776168 1 
5.951409 13.739643 1 
5.908455 13.703370 1 
5.865232 13.667353 1 
5.821743 13.631592 1 
5.777989 13.596090 1 
5.733973 13.560849 1 
5.689695 13.525869 1 
5.645159 13.491154 1 
5.600366 13.456704 1 
5.555318 13.422522 1 
5.510017 13.388609 1 
5.464465 13.354967 1 
5.418664 13.321598 1 
5.372616 13.288503 1 
5.326322 13.255684 1 
5.279785 13.223143 1 
5.233008 13.190881 1 
5.185991 13.158900 1 
5.138737 13.127202 1 
5.091248 13.095788 1 
5.043527 13.064660 1 
4.995575 13.033819 1 
4.947394 13.003268 1 
4.898986 12.973007 1 
4.850354 12.943038 1 
4.801500 12.913363 1 
4.752426 12.883984 1 
4.703134 12.854901 1 
4.653626 12.826116 1 
4.603904 12.797631 1 
4.553972 12.769448 1 
4.503830 12.741567 1 
4.453481 12.713990 1 
4.402927 12.686719 1 
4.352171 12.659755 1 
4.301215 12.633100 1 
4.250061 12.606754 1 
4.198712 12.580719 1 
4.147169 12.554998 1 
4.095435 12.529589 1 
4.043512 12.504497 1 
3.991403 12.479720 1 
3.939110 12.455262 1 
3.886636 12.431123 1 
3.833982 12.407304 1 
3.781151 12.383806 1 
3.728145 12.360632 1 
3.674968 12.337782 1 
3.621620 12.315257 1 
3.568106 12.293059 1 
3.514426 12.271188 1 
3.460584 12.249646 1 
3.406582 12.228434 1 
3.352422 12.207553 1 
3.298107 12.187005 1 
3.243640 12.166789 1 
3.189022 12.146908 1 
3.134256 12.127363 1 
3.079346 12.108154 1 
3.024292 12.089282 1 
2.969099 12.070749 1 
2.913768 12.052556 1 
2.858301 12.034703 1 
2.802702 12.017191 1 
2.746973 12.000021 1 
2.691117 11.983195 1 
2.635136 11.966713 1 
2.579032 11.950576 1 
2.522808 11.934785 1 
2.466467 11.919341 1 
2.410012 11.904244 1 
2.353445 11.889496 1 
2.296768 11.875097 1 
2.239984 11.861048 1 
2.183096 11.847349 1 
2.126107 11.834002 1 
2.069019 11.821007 1 
2.011834 11.808365 1 
1.954556 11.796077 1 
1.897187 11.784142 1 
1.839729 11.772563 1 
1.782186 11.761339 1 
1.724560 11.750471 1 
1.666854 11.739960 1 
1.609069 11.729806 1 
1.551210 11.720009 1 
1.493279 11.710571 1 
1.435278 11.701492 1 
1.377210 11.692772 1 
1.319078 11.684412 1 
1.260884 11.676412 1 
1.202631 11.668773 1 
1.144323 11.661495 1 
1.085961 11.654578 1 
1.027548 11.648023 1 
0.969088 11.641831 1 
0.910582 11.636001 1 
0.852034 11.630533 1 
0.793446 11.625429 1 
0.734821 11.620689 1 
0.676161 11.616312 1 
0.617470 11.612299 1 
0.558751 11.608650 1 
0.500005 11.605365 1 
0.441236 11.602445 1 
0.382446 11.599889 1 
0.323638 11.597699 1 
0.264816 11.595873 1 
0.205981 11.594412 1 
0.147136 11.593317 1 
0.088284 11.592586 1 
0.029429 11.592221 1 
-0.029429 11.592221 1 
-0.088284 11.592586 1 
-0.147136 11.593317 1 
-0.205981 11.594412 1 
-0.264816 11.595873 1 
-0.323638 11.597699 1 
-0.382446 11.599889 1 
-0.441236 11.602445 1 
-0.500005 11.605365 1 
-0.558751 11.608650 1 
-0.617470 11.612299 1 
-0.676161 11.616312 1 
-0.734821 11.620689 1 
-0.793446 11.625429 1 
-0.852034 11.630533 1 
-0.910582 11.636001 1 
-0.969088 11.641831 1 
-1.027548 11.648023 1 
-1.085961 11.654578 1 
-1.144323 11.661495 1 
-1.202631 11.668773 1 
-1.260884 11.676412 1 
-1.319078 11.684412 1 
-1.377210 11.692772 1 
-1.435278 11.701492 1 
-1.493279 11.710571 1 
-1.551210 11.720009 1 
-1.609069 11.729806 1 
-1.666854 11.739960 1 
-1.724560 11.750471 1 
-1.782186 11.761339 1 
-1.839729 11.772563 1 
-1.897187 11.784142 1 
-1.954556 11.796077 1 
-2.011834 11.808365 1 
-2.069019 11.821007 1 
-2.126107 11.834002 1 
-2.183096 11.847349 1 
-2.239984 11.861048 1 
-2.296768 11.875097 1 
-2.353445 11.889496 1 
-2.410012 11.904244 1 
-2.466467 11.919341 1 
-2.522808 11.934785 1 
-2.579032 11.950576 1 
-2.635136 11.966713 1 
-2.691117 11.983195 1 
-2.746973 12.000021 1 
-2.802702 12.017191 1 
-2.858301 12.034703 1 
-2.913768 12.052556 1 
-2.969099 12.070749 1 
-3.024292 12.089282 1 
-3.079346 12.108154 1 
-3.134256 12.127363 1 
-3.189022 12.146908 1 
-3.243640 12.166789 1 
-3.298107 12.187005 1 
-3.352422 12.207553 1 
-3.406582 12.228434 1 
-3.460584 12.249646 1 
-3.514426 12.271188 1 
-3.568106 12.293059 1 
-3.621620 12.315257 1 
-3.674968 12.337782 1 
-3.728145 12.360632 1 
-3.781151 12.383806 1 
-3.833982 12.407304 1 
-3.886636 12.431123 1 
-3.939110 12.455262 1 
-3.991403 12.479720 1 
-4.043512 12.504497 1 
-4.095435 12.529589 1 
-4.147169 12.554998 1 
-4.198712 12.580719 1 
-4.250061 12.606754 1 
-4.301215 12.633100 1 
-4.352171 12.659755 1 
-4.402927 12.686719 1 
-4.453481 12.713990 1 
-4.503830 12.741567 1 
-4.553972 12.769448 1 
-4.603904 12.797631 1 
-4.653626 12.826116 1 
-4.703134 12.854901 1 
-4.752426 12.883984 1 
-4.801500 12.913363 1 
-4.850354 12.943038 1 
-4.898986 12.973007 1 
-4.947394 13.003268 1 
-4.995575 13.033819 1 
-5.043527 13.064660 1 
-5.091248 13.095788 1 
-5.138737 13.127202 1 
-5.185991 13.158900 1 
-5.233008 13.190881 1 
-5.279785 13.223143 1 
-5.326322 13.255684 1 
-5.372616 13.288503 1 
-5.418664 13.321598 1 
-5.464465 13.354967 1 
-5.510017 13.388609 1 
-5.555318 13.422522 1 
-5.600366 13.456704 1 
-5.645159 13.491154 1 
-5.689695 13.525869 1 
-5.733973 13.560849 1 
-5.777989 13.596090 1 
-5.821743 13.631592 1 
-5.865232 13.667353 1 
-5.908455 13.703370 1 
-5.951409 13.739643 1 
-5.994094 13.776168 1 
-6.036506 13.812946 1 
-6.078645 13.849972 1 
-6.120508 13.887247 1 
-6.162094 13.924767 1 
-6.203401 13.962531 1 
-6.244427 14.000537 1 
-6.285170 14.038784 1 
-6.325629 14.077268 1 
-6.365802 14.115989 1 
-6.405688 14.154945 1 
-6.445284 14.194133 1 
-6.484588 14.233552 1 
-6.523601 14.273199 1 
-6.562318 14.313073 1 
-6.600740 14.353172 1 
-6.638864 14.393493 1 
-6.676689 14.434036 1 
-6.714213 14.474797 1 
-6.751435 14.515775 1 
-6.788353 14.556967 1 
-6.824965 14.598373 1 
-6.861271 14.639989 1 
-6.897268 14.681814 1 
-6.932955 14.723845 1 
-6.968330 14.766082 1 
-7.003393 14.808521 1 
-7.038141 14.851160 1 
-7.072574 14.893998 1 
-7.106689 14.937032 1 
-7.140486 14.980261 1 
-7.173962 15.023682 1 
-7.207118 15.067293 1 
-7.239950 15.111092 1 
-7.272459 15.155077 1 
-7.304642 15.199246 1 
-7.336498 15.243596 1 
-7.368026 15.288127 1 
-7.399225 15.332834 1 
-7.430093 15.377718 1 
-7.460630 15.422774 1 
-7.490833 15.468001 1 
-7.520702 15.513398 1 
-7.550235 15.558961 1 
-7.579432 15.604688 1 
-7.608291 15.650579 1 
-7.636811 15.696629 1 
-7.664990 15.742838 1 
-7.692829 15.789202 1 
-7.720324 15.835720 1 
-7.747477 15.882390 1 
-7.774284 15.929209 1 
-7.800746 15.976176 1 
-7.826861 16.023287 1 
-7.852628 16.070541 1 
-7.878046 16.117936 1 
-7.903114 16.165469 1 
-7.927831 16.213138 1 
-7.952197 16.260941 1 
-7.976209 16.308876 1 
-7.999868 16.356941 1 
-8.023172 16.405132 1 
-8.046121 16.453449 1 
-8.068712 16.501888 1 
-8.090947 16.550448 1 
-8.112823 16.599127 1 
-8.134339 16.647921 1 
-8.155496 16.696830 1 
-8.176292 16.745850 1 
-8.196726 16.794979 1 
-8.216797 16.844215 1 
-8.236505 16.893557 1 
-8.255849 16.943000 1 
-8.274828 16.992545 1 
-8.293442 17.042187 1 
-8.311689 17.091925 1 
-8.329569 17.141757 1 
-8.347082 17.191680 1 
-8.364225 17.241692 1 
-8.381000 17.291791 1 
-8.397405 17.341974 1 
-8.413440 17.392240 1 
-8.429104 17.442585 1 
-8.444396 17.493009 1 
-8.459315 17.543507 1 
-8.473862 17.594079 1 
-8.488036 17.644722 1 
-8.501835 17.695434 1 
-8.515260 17.746211 1 
-8.528310 17.797053 1 
-8.540985 17.847957 1 
-8.553284 17.898920 1 
-8.565206 17.949941 1 
-8.576751 18.001016 1 
-8.587919 18.052145 1 
-8.598709 18.103323 1 
-8.609121 18.154550 1 
-8.619154 18.205823 1 
-8.628808 18.257140 1 
-8.638083 18.308497 1 
-8.646978 18.359894 1 
-8.655493 18.411328 1 
-8.663627 18.462796 1 
-8.671381 18.514297 1 
-8.678754 18.565827 1 
-8.685745 18.617386 1 
-8.692355 18.668970 1 
-8.698583 18.720577 1 
-8.704429 18.772205 1 
-8.709893 18.823851 1 
-8.714974 18.875515 1 
-8.719672 18.927192 1 
-8.723988 18.978881 1 
-8.727920 19.030580 1 
-8.731469 19.082286 1 
-8.734635 19.133998 1 
-8.737418 19.185712 1 
-8.739816 19.237428 1 
-8.741832 19.289141 1 
-8.743463 19.340851 1 
-8.744711 19.392554 1 
-8.745574 19.444250 1 
-8.746054 19.495935 1 
-8.746150 19.547607 1 
-8.745862 19.599264 1 
-8.745191 19.650903 1 
-8.744135 19.702524 1 
-8.742695 19.754122 1 
-8.740872 19.805697 1 
-8.738665 19.857246 1 
-8.736074 19.908766 1 
-8.733100 19.960256 1 
-8.729743 20.011713 1 
-8.726002 20.063134 1 
-8.721878 20.114519 1 
-8.717371 20.165865 1 
-8.712481 20.217168 1 
-8.707209 20.268428 1 
-8.701554 20.319642 1 
-8.695517 20.370808 1 
-8.689098 20.421924 1 
-8.682297 20.472987 1 
-8.675115 20.523995 1 
-8.667552 20.574947 1 
-8.659608 20.625839 1 
-8.651283 20.676670 1 
-8.642578 20.727438 1 
-8.633493 20.778140 1 
-8.624028 20.828775 1 
-8.614185 20.879340 1 
-8.603962 20.929833 1 
-8.593361 20.980252 1 
-8.582382 21.030594 1 
-8.571026 21.080858 1 
-8.559292 21.131042 1 
-8.547181 21.181143 1 
-8.534695 21.231159 1 
-8.521832 21.281089 1 
-8.508595 21.330929 1 
-8.494982 21.380678 1 
-8.480996 21.430335 1 
-8.466635 21.479896 1 
-8.451902 21.529359 1 
-8.436796 21.578723 1 
-8.421318 21.627986 1 
-8.405469 21.677145 1 
-8.389249 21.726198 1 
-8.372659 21.775144 1 
-8.355700 21.823980 1 
-8.338371 21.872704 1 
-8.320675 21.921314 1 
-8.302611 21.969808 1 
-8.284181 22.018184 1 
-8.265384 22.066441 1 
-8.246223 22.114575 1 
-8.226697 22.162585 1 
-8.206807 22.210469 1 
-8.186554 22.258225 1 
-8.165939 22.305851 1 
-8.144963 22.353345 1 
-8.123626 22.400705 1 
-8.101930 22.447929 1 
-8.079874 22.495015 1 
-8.057461 22.541961 1 
-8.034691 22.588764 1 
-8.011565 22.635424 1 
-7.988083 22.681939 1 
-7.964247 22.728305 1 
-7.940058 22.774522 1 
-7.915517 22.820586 1 
-7.890624 22.866498 1 
-7.865380 22.912254 1 
-7.839788 22.957852 1 
-7.813847 23.003291 1 
-7.787558 23.048569 1 
-7.760923 23.093683 1 
-7.733943 23.138633 1 
-7.706619 23.183416 1 
-7.678952 23.228030 1 
-7.650943 23.272473 1 
-7.622593 23.316744 1 
-7.593904 23.360840 1 
-7.564876 23.404760 1 
-7.535511 23.448503 1 
-7.505809 23.492065 1 
-7.475773 23.535446 1 
-7.445403 23.578643 1 
-7.414700 23.621656 1 
-7.383667 23.664481 1 
-7.352303 23.707117 1 
-7.320611 23.749562 1 
-7.288591 23.791815 1 
-7.256245 23.833874 1 
-7.223574 23.875737 1 
-7.190580 23.917403 1 
-7.157264 23.958869 1 
-7.123627 24.000133 1 
-7.089671 24.041195 1 
-7.055397 24.082053 1 
-7.020807 24.122704 1 
-6.985901 24.163147 1 
-6.950682 24.203380 1 
-6.915150 24.243402 1 
-6.879308 24.283211 1 
-6.843157 24.322805 1 
-6.806697 24.362183 1 
-6.769932 24.401343 1 
-6.732862 24.440283 1 
-6.695489 24.479002 1 
-6.657814 24.517498 1 
-6.619839 24.555770 1 
-6.581566 24.593815 1 
-6.542996 24.631633 1 
-6.504131 24.669222 1 
-6.464973 24.706579 1 
-6.425522 24.743705 1 
-6.385781 24.780596 1 
-6.345752 24.817252 1 
-6.305435 24.853671 1 
-6.264834 24.889851 1 
-6.223949 24.925791 1 
-6.182783 24.961490 1 
-6.141336 24.996945 1 
-6.099611 25.032156 1 
-6.057610 25.067121 1 
-6.015334 25.101838 1 
-5.972785 25.136307 1 
-5.929966 25.170525 1 
-5.886877 25.204491 1 
-5.843521 25.238204 1 
-5.799899 25.271662 1 
-5.756014 25.304864 1 
-5.711867 25.337808 1 
-5.667460 25.370494 1 
-5.622795 25.402920 1 
-5.577874 25.435083 1 
-5.532699 25.466984 1 
-5.487273 25.498621 1 
-5.441596 25.529992 1 
-5.395670 25.561096 1 
-5.349499 25.591931 1 
-5.303084 25.622497 1 
-5.256426 25.652793 1 
-5.209529 25.682816 1 
-5.162393 25.712566 1 
-5.115022 25.742041 1 
-5.067417 25.771240 1 
-5.019579 25.800162 1 
-4.971513 25.828806 1 
-4.923218 25.857170 1 
-4.874698 25.885253 1 
-4.825955 25.913055 1 
-4.776990 25.940573 1 
-4.727807 25.967807 1 
-4.678407 25.994756 1 
-4.628792 26.021418 1 
-4.578964 26.047793 1 
-4.528927 26.073878 1 
-4.478681 26.099674 1 
-4.428230 26.125179 1 
-4.377574 26.150391 1 
-4.326718 26.175311 1 
-4.275663 26.199936 1 
-4.224411 26.224266 1 
-4.172964 26.248300 1 
-4.121325 26.272037 1 
-4.069497 26.295475 1 
-4.017481 26.318614 1 
-3.965280 26.341453 1 
-3.912895 26.363990 1 
-3.860331 26.386225 1 
-3.807588 26.408157 1 
-3.754670 26.429786 1 
-3.701578 26.451109 1 
-3.648315 26.472126 1 
-3.594884 26.492836 1 
-3.541286 26.513239 1 
-3.487525 26.533333 1 
-3.433603 26.553118 1 
-3.379522 26.572592 1 
-3.325284 26.591756 1 
-3.270892 26.610607 1 
-3.216349 26.629146 1 
-3.161658 26.647372 1 
-3.106819 26.665283 1 
-3.051837 26.682879 1 
-2.996713 26.700159 1 
-2.941450 26.717123 1 
-2.886051 26.733770 1 
-2.830518 26.750099 1 
-2.774854 26.766109 1 
-2.719061 26.781800 1 
-2.663142 26.797171 1 
-2.607099 26.812221 1 
-2.550935 26.826950 1 
-2.494652 26.841357 1 
-2.438254 26.855442 1 
-2.381742 26.869203 1 
-2.325120 26.882641 1 
-2.268389 26.895754 1 
-2.211553 26.908543 1 
-2.154614 26.921006 1 
-2.097575 26.933144 1 
-2.040438 26.944955 1 
-1.983207 26.956438 1 
-1.925883 26.967595 1 
-1.868469 26.978424 1 
-1.810968 26.988924 1 
-1.753383 26.999095 1 
-1.695717 27.008937 1 
-1.637971 27.018450 1 
-1.580149 27.027632 1 
-1.522253 27.036484 1 
-1.464287 27.045005 1 
-1.406252 27.053195 1 
-1.348152 27.061053 1 
-1.289988 27.068579 1 
-1.231765 27.075773 1 
-1.173484 27.082635 1 
-1.115148 27.089163 1 
-1.056761 27.095359 1 
-0.998324 27.101221 1 
-0.939840 27.106749 1 
-0.881313 27.111944 1 
-0.822745 27.116805 1 
-0.764138 27.121331 1 
-0.705495 27.125523 1 
-0.646820 27.129380 1 
-0.588114 27.132902 1 
-0.529381 27.136089 1 
-0.470623 27.138941 1 
-0.411843 27.141458 1 
-0.353044 27.143640 1 
-0.294229 27.145486 1 
-0.235399 27.146996 1 
-0.176559 27.148171 1 
-0.117711 27.149010 1 
-0.058857 27.149514 1 
-0.000000 27.149682 1 
0.000000 0.000000 0 
